2003	1	1	-6.217	-999
2003	1	2	-2.775	-999
2003	1	3	-0.896	-999
2003	1	4	-1.812	-999
2003	1	5	-0.967	-999
2003	1	6	-4.946	-999
2003	1	7	0.692	-999
2003	1	8	4.013	-999
2003	1	9	-2.517	-999
2003	1	10	-9.025	-999
2003	1	11	-7.27	-999
2003	1	12	-7.246	-999
2003	1	13	-10.875	-999
2003	1	14	-9.583	-999
2003	1	15	-10.433	-999
2003	1	16	-6.812	-999
2003	1	17	-9.392	-999
2003	1	18	-7.092	-999
2003	1	19	-10.9	-999
2003	1	20	-12.85	-999
2003	1	21	-14.608	-999
2003	1	22	-15.788	-999
2003	1	23	-11.913	-999
2003	1	24	-9.625	-999
2003	1	25	-10.067	-999
2003	1	26	-15.692	-999
2003	1	27	-12	-999
2003	1	28	-7.538	-999
2003	1	29	-10.508	-999
2003	1	30	-5.779	-999
2003	1	31	-0.525	-999
2003	2	1	-1.675	-999
2003	2	2	-0.3	-999
2003	2	3	-1.508	-999
2003	2	4	-7.025	-999
2003	2	5	-11.167	-999
2003	2	6	-10.887	-999
2003	2	7	-12.667	-999
2003	2	8	-9.142	-999
2003	2	9	-12.804	-999
2003	2	10	-14.383	-999
2003	2	11	-14.408	-999
2003	2	12	-16.004	-999
2003	2	13	-14.725	-999
2003	2	14	-12.496	-999
2003	2	15	-14.558	-999
2003	2	16	-12.488	-999
2003	2	17	-6.942	-999
2003	2	18	-2.325	-999
2003	2	19	-5.721	-999
2003	2	20	-0.646	-999
2003	2	21	-5.892	-999
2003	2	22	-10.375	-999
2003	2	23	-13.546	-999
2003	2	24	-13.542	-999
2003	2	25	-16.212	-999
2003	2	26	-10.308	-999
2003	2	27	-5.871	-999
2003	2	28	-4.054	-999
2003	3	1	-2.237	-999
2003	3	2	-17.896	-999
2003	3	3	-18.25	-999
2003	3	4	-11.967	-999
2003	3	5	-13.7	-999
2003	3	6	-12.971	-999
2003	3	7	-6	-999
2003	3	8	-12.763	-999
2003	3	9	-15.929	-999
2003	3	10	-13.592	-999
2003	3	11	-7.854	-999
2003	3	12	-9.167	-999
2003	3	13	-9.342	-999
2003	3	14	-3.175	-999
2003	3	15	0.142	-999
2003	3	16	5.45	-999
2003	3	17	1.912	-999
2003	3	18	-1.683	-999
2003	3	19	-1.2	-999
2003	3	20	0.737	-999
2003	3	21	0.829	-999
2003	3	22	0.979	-999
2003	3	23	1.771	-999
2003	3	24	6.175	-999
2003	3	25	3.425	-999
2003	3	26	0.392	-999
2003	3	27	-1.067	-999
2003	3	28	-0.575	-999
2003	3	29	-4.458	-999
2003	3	30	-2.709	-999
2003	3	31	-4.346	-999
2003	4	1	0.067	-999
2003	4	2	-1.746	-999
2003	4	3	-3.675	-999
2003	4	4	-5.529	-999
2003	4	5	-6.062	-999
2003	4	6	-4.604	-999
2003	4	7	-3.563	-999
2003	4	8	-1.641	-999
2003	4	9	0.25	-999
2003	4	10	6.029	-999
2003	4	11	6.696	-999
2003	4	12	0.108	-999
2003	4	13	0.292	-999
2003	4	14	8.433	-999
2003	4	15	3	-999
2003	4	16	-1.392	-999
2003	4	17	-1.775	-999
2003	4	18	-0.179	-999
2003	4	19	1.292	-999
2003	4	20	5.975	-999
2003	4	21	1.129	-999
2003	4	22	-0.529	-999
2003	4	23	1.433	-999
2003	4	24	3.992	-999
2003	4	25	1.342	-999
2003	4	26	1.121	-999
2003	4	27	5.642	-999
2003	4	28	5.054	-999
2003	4	29	2.712	-999
2003	4	30	1.9	-999
2003	5	1	2.363	-999
2003	5	2	2.175	-999
2003	5	3	3.363	-999
2003	5	4	5.7	-999
2003	5	5	7.275	-999
2003	5	6	6.579	-999
2003	5	7	8.121	-999
2003	5	8	4.604	-999
2003	5	9	5.358	-999
2003	5	10	6.071	-999
2003	5	11	4.978	-999
2003	5	12	4.021	-999
2003	5	13	8.633	-999
2003	5	14	9.85	-999
2003	5	15	9.292	-999
2003	5	16	8.921	-999
2003	5	17	7.125	-999
2003	5	18	9.208	-999
2003	5	19	11.546	-999
2003	5	20	6.642	-999
2003	5	21	6.9	-999
2003	5	22	7.775	-999
2003	5	23	6.808	-999
2003	5	24	9.492	-999
2003	5	25	10.6	-999
2003	5	26	9.879	1.975
2003	5	27	11.829	1.95
2003	5	28	12.683	2.021
2003	5	29	8.629	2.038
2003	5	30	10.321	2.029
2003	5	31	3.971	2.017
2003	6	1	7.75	2.05
2003	6	2	9.638	2.112
2003	6	3	10.296	2.204
2003	6	4	10.408	2.304
2003	6	5	12.042	2.255
2003	6	6	10.537	2.254
2003	6	7	7.458	2.329
2003	6	8	6.958	2.425
2003	6	9	7.238	2.375
2003	6	10	7.517	2.329
2003	6	11	5.925	2.367
2003	6	12	7.367	2.371
2003	6	13	13.675	2.475
2003	6	14	10.179	2.554
2003	6	15	10.787	2.642
2003	6	16	14.304	2.558
2003	6	17	16.875	2.654
2003	6	18	10.533	2.663
2003	6	19	9.225	2.696
2003	6	20	11.25	2.679
2003	6	21	14.413	2.771
2003	6	22	18.242	2.767
2003	6	23	19.746	2.817
2003	6	24	19.121	2.837
2003	6	25	16.108	2.908
2003	6	26	14.942	2.933
2003	6	27	9.162	2.904
2003	6	28	6.721	2.954
2003	6	29	6.933	3.046
2003	6	30	12.929	3.1
2003	7	1	14.887	3.096
2003	7	2	15.012	3.075
2003	7	3	15.529	3.163
2003	7	4	14.571	3.171
2003	7	5	17.071	3.196
2003	7	6	15.479	3.208
2003	7	7	16.338	3.246
2003	7	8	14.179	3.221
2003	7	9	9.367	3.292
2003	7	10	10.408	3.287
2003	7	11	9.279	3.3
2003	7	12	12.548	3.322
2003	7	13	15.908	3.387
2003	7	14	19.396	3.408
2003	7	15	13.587	3.417
2003	7	16	14.296	3.45
2003	7	17	13.163	3.471
2003	7	18	12.621	3.508
2003	7	19	16.796	3.592
2003	7	20	13.329	3.654
2003	7	21	9.879	3.542
2003	7	22	9.821	3.571
2003	7	23	12.879	3.683
2003	7	24	15.579	3.763
2003	7	25	18.946	3.713
2003	7	26	21.446	3.783
2003	7	27	15.133	3.908
2003	7	28	17.133	4.012
2003	7	29	15.163	4.813
2003	7	30	15.8	5.192
2003	7	31	15.825	4.675
2003	8	1	15.558	4.958
2003	8	2	11.112	6.288
2003	8	3	11.025	6.675
2003	8	4	13.237	6.2
2003	8	5	15.587	6.417
2003	8	6	17.321	7.021
2003	8	7	15.133	7
2003	8	8	13.267	9.171
2003	8	9	17.142	10.012
2003	8	10	18.887	9.838
2003	8	11	13.254	9.45
2003	8	12	14.979	11.892
2003	8	13	16.821	12.954
2003	8	14	20.454	13.183
2003	8	15	22.575	12.462
2003	8	16	16.554	12.379
2003	8	17	14.854	12.85
2003	8	18	19.496	13.708
2003	8	19	22.017	13.554
2003	8	20	20.404	13.404
2003	8	21	21.329	12.033
2003	8	22	18.538	11.579
2003	8	23	16.242	12.413
2003	8	24	17.258	12.121
2003	8	25	17.867	12.154
2003	8	26	18.05	12.888
2003	8	27	15.142	12.438
2003	8	28	13.812	12.617
2003	8	29	14.95	11.4
2003	8	30	13.887	10.758
2003	8	31	16.554	10.521
2003	9	1	16.592	11.446
2003	9	2	15.662	12.537
2003	9	3	17.183	11.038
2003	9	4	12.262	10.012
2003	9	5	13.561	10.371
2003	9	6	15.921	10.325
2003	9	7	13.65	10.583
2003	9	8	14.917	11.025
2003	9	9	16.875	11.13
2003	9	10	17.713	11.25
2003	9	11	17.517	11.45
2003	9	12	17.762	11.479
2003	9	13	18.079	11.525
2003	9	14	15.275	11.675
2003	9	15	14.867	11.242
2003	9	16	15.525	11.579
2003	9	17	16.925	11.925
2003	9	18	18.459	12.257
2003	9	19	15.108	12
2003	9	20	10.223	9.571
2003	9	21	11.618	9.129
2003	9	22	13.083	9.17
2003	9	23	12.213	9.204
2003	9	24	12.725	9.213
2003	9	25	8.283	8.796
2003	9	26	10.025	8.821
2003	9	27	9.921	8.833
2003	9	28	6.996	8.421
2003	9	29	5.979	8.258
2003	9	30	5.117	8.096
2003	10	1	3.504	7.858
2003	10	2	4.546	7.587
2003	10	3	6.696	7.5
2003	10	4	4.404	7.221
2003	10	5	5.092	7.112
2003	10	6	6.508	7.092
2003	10	7	12.929	7.029
2003	10	8	17.017	7.188
2003	10	9	17.55	7.254
2003	10	10	14.383	7.263
2003	10	11	13.692	7.325
2003	10	12	11.029	7.117
2003	10	13	10.679	6.942
2003	10	14	8.887	6.979
2003	10	15	6.792	7.008
2003	10	16	5.761	7.054
2003	10	17	4.638	6.933
2003	10	18	7.008	6.717
2003	10	19	6.358	6.633
2003	10	20	8.592	6.6
2003	10	21	6.383	6.7
2003	10	22	4.442	6.908
2003	10	23	5.508	6.746
2003	10	24	3.75	6.6
2003	10	25	7.763	6.554
2003	10	26	2.779	6.55
2003	10	27	1.362	6.442
2003	10	28	4.296	6.304
2003	10	29	5.908	6.182
2003	10	30	4.213	6.091
2003	10	31	5.522	5.979
2003	11	1	2.962	5.921
2003	11	2	3.788	5.821
2003	11	3	2.15	5.883
2003	11	4	1.367	2.863
2003	11	5	1.342	0.762
2003	11	6	-0.404	0.167
2003	11	7	-3.6	-999
2003	11	8	-4.846	-999
2003	11	9	-0.042	2
2003	11	10	4.042	3.7
2003	11	11	4.708	4.487
2003	11	12	4.742	3.833
2003	11	13	-1.467	0.367
2003	11	14	2.575	1.767
2003	11	15	4.512	2.067
2003	11	16	4.683	2.663
2003	11	17	5.308	4.975
2003	11	18	6.208	7.337
2003	11	19	4.846	4.562
2003	11	20	5.139	4.271
2003	11	21	2.596	2.487
2003	11	22	1.217	0.7
2003	11	23	1.067	-0.217
2003	11	24	-0.612	0.05
2003	11	25	-2.646	-999
2003	11	26	1.1	-0.2
2003	11	27	2.883	-0.033
2003	11	28	1.317	0.35
2003	11	29	-0.192	0.06
2003	11	30	0.713	0.138
2003	12	1	-0.954	-999
2003	12	2	-3.117	-999
2003	12	3	0.325	-999
2003	12	4	2.279	-999
2003	12	5	2.55	-999
2003	12	6	-5.792	-999
2003	12	7	-2.421	-999
2003	12	8	2.683	-999
2003	12	9	3.033	-999
2003	12	10	0.079	-999
2003	12	11	-5.604	-999
2003	12	12	-8.654	-999
2003	12	13	-5.162	-999
2003	12	14	-1.217	-999
2003	12	15	-0.679	-999
2003	12	16	1.567	-999
2003	12	17	-2.783	-999
2003	12	18	-2.421	-999
2003	12	19	-4.754	-999
2003	12	20	-3.117	-999
2003	12	21	0.113	-999
2003	12	22	2.575	-999
2003	12	23	-2.191	-999
2003	12	24	-4.862	-999
2003	12	25	-1.679	-999
2003	12	26	1.863	-999
2003	12	27	3.738	-999
2003	12	28	4.412	-999
2003	12	29	2.346	-999
2003	12	30	-0.462	-999
2003	12	31	-0.587	-999
2004	1	1	-2.067	-999
2004	1	2	0.525	-999
2004	1	3	-1.729	-999
2004	1	4	-8.317	-999
2004	1	5	-9.271	-999
2004	1	6	-14.067	-999
2004	1	7	-11.558	-999
2004	1	8	-9.417	-999
2004	1	9	-10.567	-999
2004	1	10	-6.987	-999
2004	1	11	-2.925	-999
2004	1	12	-3.904	-999
2004	1	13	-10.438	-999
2004	1	14	-11.688	-999
2004	1	15	-13.871	-999
2004	1	16	-11	-999
2004	1	17	-5.796	-999
2004	1	18	-9.575	-999
2004	1	19	-11.354	-999
2004	1	20	-11.6	-999
2004	1	21	-7.487	-999
2004	1	22	-14.929	-999
2004	1	23	-13.558	-999
2004	1	24	-12.842	-999
2004	1	25	-11.192	-999
2004	1	26	-9.096	-999
2004	1	27	-8.083	-999
2004	1	28	-11.513	-999
2004	1	29	-12.987	-999
2004	1	30	-11.492	-999
2004	1	31	-9.825	-999
2004	2	1	-8.3	-999
2004	2	2	-5.839	-999
2004	2	3	-5.686	-999
2004	2	4	-6.149	-999
2004	2	5	-5.486	-999
2004	2	6	-6.585	-999
2004	2	7	-7.086	-999
2004	2	8	-6.747	-999
2004	2	9	-6.646	-999
2004	2	10	-5.964	-999
2004	2	11	-6.086	-999
2004	2	12	-6.148	-999
2004	2	13	-6.104	-999
2004	2	14	-4.875	-999
2004	2	15	-4.241	-999
2004	2	16	-4.044	-999
2004	2	17	-4.648	-999
2004	2	18	-4.792	-999
2004	2	19	-5.363	-999
2004	2	20	-5.282	-999
2004	2	21	-5.509	-999
2004	2	22	-5.089	-999
2004	2	23	-4.723	-999
2004	2	24	-4.294	-999
2004	2	25	-4.081	-999
2004	2	26	-5.157	-999
2004	2	27	-5.708	-999
2004	2	28	-4.664	-999
2004	2	29	-4.545	-999
2004	3	1	-3.978	-999
2004	3	2	-3.698	-999
2004	3	3	-3.733	-999
2004	3	4	-3.492	-999
2004	3	5	-3.517	-999
2004	3	6	-3.165	-999
2004	3	7	-2.487	-999
2004	3	8	-2.058	-999
2004	3	9	-1.508	-999
2004	3	10	-2.266	-999
2004	3	11	-2.332	-999
2004	3	12	-2.329	-999
2004	3	13	-2.165	-999
2004	3	14	-1.282	-999
2004	3	15	-1.336	-999
2004	3	16	-1.833	-999
2004	3	17	-1.481	-999
2004	3	18	-0.942	-999
2004	3	19	-1.005	-999
2004	3	20	-0.816	-999
2004	3	21	-0.024	-999
2004	3	22	0.522	-999
2004	3	23	-0.063	-999
2004	3	24	-0.295	-999
2004	3	25	0.383	-999
2004	3	26	1.24	-999
2004	3	27	0.889	-999
2004	3	28	0.867	-999
2004	3	29	1.022	-999
2004	3	30	0.557	-999
2004	3	31	0.269	-999
2004	4	1	0.959	-999
2004	4	2	0.926	-999
2004	4	3	0.972	-999
2004	4	4	0.881	-999
2004	4	5	1.91	-999
2004	4	6	2.195	-999
2004	4	7	2.538	-999
2004	4	8	2.47	-999
2004	4	9	3.046	-999
2004	4	10	2.844	-999
2004	4	11	2.264	-999
2004	4	12	2.107	-999
2004	4	13	3.225	-999
2004	4	14	3.357	-999
2004	4	15	4.023	-999
2004	4	16	3.56	-999
2004	4	17	3.566	-999
2004	4	18	4.141	-999
2004	4	19	4.339	-999
2004	4	20	4.338	-999
2004	4	21	4.583	-999
2004	4	22	3.808	-999
2004	4	23	3.569	1.638
2004	4	24	4.582	1.7
2004	4	25	4.724	1.7
2004	4	26	4.791	1.727
2004	4	27	5.314	1.759
2004	4	28	5.795	1.796
2004	4	29	6.09	1.83
2004	4	30	5.909	1.817
2004	5	1	5.401	1.875
2004	5	2	5.846	1.921
2004	5	3	6.812	1.958
2004	5	4	7.703	1.937
2004	5	5	6.901	1.971
2004	5	6	6.185	1.987
2004	5	7	6.097	1.975
2004	5	8	6.075	2.025
2004	5	9	6.44	2.033
2004	5	10	6.602	2.121
2004	5	11	7.146	2.15
2004	5	12	6.859	2.208
2004	5	13	6.876	2.204
2004	5	14	7.346	2.2
2004	5	15	7.972	2.242
2004	5	16	7.984	2.204
2004	5	17	8.7	2.233
2004	5	18	8.814	2.339
2004	5	19	7.986	2.358
2004	5	20	7.48	2.346
2004	5	21	7.638	2.404
2004	5	22	8.778	2.4
2004	5	23	9.534	2.442
2004	5	24	10.112	2.5
2004	5	25	11.156	2.5
2004	5	26	10.932	2.521
2004	5	27	10.056	2.529
2004	5	28	9.714	2.558
2004	5	29	9.034	2.554
2004	5	30	9.883	2.629
2004	5	31	9.734	2.675
2004	6	1	10.746	2.733
2004	6	2	10.138	2.733
2004	6	3	9.701	2.742
2004	6	4	9.753	2.733
2004	6	5	11.193	2.762
2004	6	6	10.873	2.825
2004	6	7	11.304	2.817
2004	6	8	11.858	2.862
2004	6	9	12.164	2.913
2004	6	10	12.48	2.975
2004	6	11	12.115	2.95
2004	6	12	12.242	3.012
2004	6	13	12.382	3.037
2004	6	14	12.783	3.05
2004	6	15	12.957	3.129
2004	6	16	13.241	3.079
2004	6	17	13.675	3.092
2004	6	18	13.57	3.137
2004	6	19	13.682	3.167
2004	6	20	13.838	3.204
2004	6	21	14.668	3.233
2004	6	22	13.526	3.217
2004	6	23	12.535	3.233
2004	6	24	12.789	3.221
2004	6	25	12.778	3.233
2004	6	26	12.585	3.252
2004	6	27	13.473	3.275
2004	6	28	14.33	3.333
2004	6	29	14.046	3.408
2004	6	30	14.078	3.471
2004	7	1	10.696	3.471
2004	7	2	9.383	3.571
2004	7	3	15.242	3.512
2004	7	4	13.808	3.5
2004	7	5	6.596	3.521
2004	7	6	7.8	3.546
2004	7	7	7.5	3.6
2004	7	8	7.725	3.621
2004	7	9	12.162	4
2004	7	10	13.392	4.129
2004	7	11	16.238	4.074
2004	7	12	14.971	4.217
2004	7	13	15.888	4.554
2004	7	14	12.054	4.195
2004	7	15	15.737	4.088
2004	7	16	14.346	4.329
2004	7	17	11.688	4.554
2004	7	18	13.642	5.812
2004	7	19	16.604	6
2004	7	20	12.5	6.525
2004	7	21	16.675	6.567
2004	7	22	16.521	5.43
2004	7	23	12.187	5.429
2004	7	24	13.367	6.271
2004	7	25	15.533	6.579
2004	7	26	17.171	6.925
2004	7	27	16.692	9.187
2004	7	28	19.158	8.829
2004	7	29	18.854	7.312
2004	7	30	17.162	7.733
2004	7	31	14.004	8.112
2004	8	1	17.592	7.987
2004	8	2	19.121	9.037
2004	8	3	17.192	9.996
2004	8	4	15.446	10.304
2004	8	5	14.625	9.708
2004	8	6	15.462	10.192
2004	8	7	17.617	10.746
2004	8	8	17.542	11.821
2004	8	9	16.896	11.062
2004	8	10	12.562	10.283
2004	8	11	8.95	9.429
2004	8	12	10.921	10.046
2004	8	13	12.088	10.904
2004	8	14	14.092	11.412
2004	8	15	16.583	11.267
2004	8	16	17.071	11.217
2004	8	17	15.617	11.221
2004	8	18	16.967	11.067
2004	8	19	11.121	7.439
2004	8	20	11.254	7.308
2004	8	21	12.038	7.238
2004	8	22	13.1	7.204
2004	8	23	9.708	7.329
2004	8	24	11.796	7.325
2004	8	25	16.048	7.8
2004	8	26	18.054	8.233
2004	8	27	18.075	8.787
2004	8	28	11.25	7.962
2004	8	29	10.438	8.15
2004	8	30	12.196	8.562
2004	8	31	13.133	8.609
2004	9	1	10.958	8.821
2004	9	2	15.017	9.221
2004	9	3	21.188	9.771
2004	9	4	20.267	10.583
2004	9	5	18.354	10.608
2004	9	6	18.196	10.379
2004	9	7	15.104	9.667
2004	9	8	12.175	9.871
2004	9	9	12.054	10.387
2004	9	10	14.904	10.579
2004	9	11	17.017	10.204
2004	9	12	12.346	10.296
2004	9	13	16.083	10.675
2004	9	14	19.275	11.317
2004	9	15	17.2	11.558
2004	9	16	14.312	10.308
2004	9	17	10.321	9.637
2004	9	18	13.754	10.483
2004	9	19	15.154	11.121
2004	9	20	16.696	10.829
2004	9	21	16.842	10.875
2004	9	22	13.992	11.283
2004	9	23	16.146	10.933
2004	9	24	16.109	10.879
2004	9	25	13.692	10.875
2004	9	26	15.933	11.392
2004	9	27	15.717	11.729
2004	9	28	10.862	11.55
2004	9	29	12.171	11.408
2004	9	30	13.133	11.308
2004	10	1	14.208	11.108
2004	10	2	7.3	10.188
2004	10	3	11.475	9.129
2004	10	4	5.429	9
2004	10	5	7.983	8.983
2004	10	6	13.412	8.521
2004	10	7	15.637	8.533
2004	10	8	13.783	8.592
2004	10	9	10.05	8.56
2004	10	10	9.604	8.454
2004	10	11	10.037	8.504
2004	10	12	11.171	8.675
2004	10	13	9.954	8.938
2004	10	14	5.313	8.625
2004	10	15	5.962	8.692
2004	10	16	3.467	8.642
2004	10	17	2.013	7.704
2004	10	18	2.4	7.358
2004	10	19	4.508	6.967
2004	10	20	7.45	6.971
2004	10	21	8.35	7.05
2004	10	22	9.05	7.121
2004	10	23	9.95	6.808
2004	10	24	9.933	6.8
2004	10	25	9.096	6.921
2004	10	26	6.817	7.017
2004	10	27	6.879	7.062
2004	10	28	8.229	6.979
2004	10	29	9.854	7.129
2004	10	30	12.258	7.171
2004	10	31	3.771	7.042
2004	11	1	3.842	6.9
2004	11	2	4.691	6.9
2004	11	3	6.15	6.888
2004	11	4	6.454	6.908
2004	11	5	5.142	6.459
2004	11	6	7.925	6.446
2004	11	7	4.629	6.438
2004	11	8	-0.113	5.932
2004	11	9	0.862	5.679
2004	11	10	7.142	-999
2004	11	11	0.787	-999
2004	11	12	2.142	-999
2004	11	13	4.329	-999
2004	11	14	6.15	-999
2004	11	15	6.75	-999
2004	11	16	6.287	-999
2004	11	17	7.642	-999
2004	11	18	6.704	-999
2004	11	19	5.95	-999
2004	11	20	5.829	-999
2004	11	21	3.437	-999
2004	11	22	4.087	-999
2004	11	23	3.975	-999
2004	11	24	-0.525	-999
2004	11	25	-2.642	-999
2004	11	26	-1.542	-999
2004	11	27	2.638	-999
2004	11	28	0.575	-999
2004	11	29	-0.004	-999
2004	11	30	2.325	-999
2004	12	1	0.825	-999
2004	12	2	-5.379	-999
2004	12	3	-4.683	-999
2004	12	4	1.867	-999
2004	12	5	-6.337	-999
2004	12	6	-1.9	-999
2004	12	7	1.121	-999
2004	12	8	1.979	-999
2004	12	9	2.933	-999
2004	12	10	1.708	-999
2004	12	11	-1.854	-999
2004	12	12	-0.354	-999
2004	12	13	-4.8	-999
2004	12	14	-5.446	-999
2004	12	15	-0.783	-999
2004	12	16	-0.938	-999
2004	12	17	-6.708	-999
2004	12	18	-4.208	-999
2004	12	19	-14.387	-999
2004	12	20	-8.729	-999
2004	12	21	-3.887	-999
2004	12	22	-9.612	-999
2004	12	23	-11.396	-999
2004	12	24	-13.017	-999
2004	12	25	-11.479	-999
2004	12	26	-7.258	-999
2004	12	27	-5.279	-999
2004	12	28	-2.167	-999
2004	12	29	-2.154	-999
2004	12	30	-0.963	-999
2004	12	31	2.562	-999
2005	1	1	-7.342	-999
2005	1	2	-2.162	-999
2005	1	3	-6.812	-999
2005	1	4	-7.125	-999
2005	1	5	-9.5	-999
2005	1	6	-7.029	-999
2005	1	7	-5.021	-999
2005	1	8	-4.708	-999
2005	1	9	-3.991	-999
2005	1	10	-6.221	-999
2005	1	11	-5.15	-999
2005	1	12	-0.517	-999
2005	1	13	-2.267	-999
2005	1	14	-15.262	-999
2005	1	15	-15.333	-999
2005	1	16	-15.088	-999
2005	1	17	-16.446	-999
2005	1	18	-12.283	-999
2005	1	19	-7.854	-999
2005	1	20	-9.129	-999
2005	1	21	-9.604	-999
2005	1	22	-9.037	-999
2005	1	23	-9.071	-999
2005	1	24	-3.875	-999
2005	1	25	-4.5	-999
2005	1	26	-9.708	-999
2005	1	27	-9.346	-999
2005	1	28	-4.612	-999
2005	1	29	-1.742	-999
2005	1	30	-1.833	-999
2005	1	31	-0.117	-999
2005	2	1	0.667	-999
2005	2	2	1.33	-999
2005	2	3	2.388	-999
2005	2	4	2.154	-999
2005	2	5	2.021	-999
2005	2	6	4.071	-999
2005	2	7	-3.492	-999
2005	2	8	-7.867	-999
2005	2	9	-6.717	-999
2005	2	10	-3.967	-999
2005	2	11	-1.079	-999
2005	2	12	0.054	-999
2005	2	13	-2.883	-999
2005	2	14	-1.679	-999
2005	2	15	-1.033	-999
2005	2	16	-3.562	-999
2005	2	17	-10.171	-999
2005	2	18	-10.479	-999
2005	2	19	-8.933	-999
2005	2	20	-7.267	-999
2005	2	21	-3.013	-999
2005	2	22	-5.354	-999
2005	2	23	-5.225	-999
2005	2	24	-4.708	-999
2005	2	25	-5.008	-999
2005	2	26	-7.767	-999
2005	2	27	-5.542	-999
2005	2	28	-3.771	-999
2005	3	1	-7.383	-999
2005	3	2	-8.05	-999
2005	3	3	-5.043	-999
2005	3	4	-1.817	-999
2005	3	5	-0.375	-999
2005	3	6	-0.283	-999
2005	3	7	-6.396	-999
2005	3	8	-10.037	-999
2005	3	9	-8.788	-999
2005	3	10	-4.371	-999
2005	3	11	-3.308	-999
2005	3	12	-9.054	-999
2005	3	13	-7.392	-999
2005	3	14	-4.054	-999
2005	3	15	-3.3	-999
2005	3	16	-1.808	-999
2005	3	17	-4.079	-999
2005	3	18	-4.45	-999
2005	3	19	-2.046	-999
2005	3	20	-1.329	-999
2005	3	21	-1.071	-999
2005	3	22	-0.7	-999
2005	3	23	-0.667	-999
2005	3	24	0.675	-999
2005	3	25	-2.408	-999
2005	3	26	-0.467	-999
2005	3	27	2.217	-999
2005	3	28	4.346	-999
2005	3	29	3.871	-999
2005	3	30	6.158	-999
2005	3	31	3.333	-999
2005	4	1	3.146	-999
2005	4	2	2.304	-999
2005	4	3	2.65	-999
2005	4	4	4.629	-999
2005	4	5	4.737	-999
2005	4	6	3.229	-999
2005	4	7	3.292	-999
2005	4	8	5.8	-999
2005	4	9	6.325	-999
2005	4	10	5.883	-999
2005	4	11	4.367	-999
2005	4	12	3.679	-999
2005	4	13	4.725	2
2005	4	14	3.742	2.013
2005	4	15	4.129	2.029
2005	4	16	8.046	2.113
2005	4	17	6.883	2.046
2005	4	18	9.504	2.046
2005	4	19	13.875	2.171
2005	4	20	3.179	2.237
2005	4	21	2.325	2.279
2005	4	22	2.542	2.271
2005	4	23	-0.354	2.2
2005	4	24	0.971	2.214
2005	4	25	2.554	2.2
2005	4	26	1.446	2.233
2005	4	27	1.183	2.242
2005	4	28	1.954	2.333
2005	4	29	3.037	2.354
2005	4	30	2.888	2.379
2005	5	1	2.65	2.429
2005	5	2	0.9	2.437
2005	5	3	2.275	2.445
2005	5	4	5.883	2.45
2005	5	5	8.417	2.471
2005	5	6	8.779	2.529
2005	5	7	5.375	2.542
2005	5	8	8.646	2.529
2005	5	9	14.191	2.567
2005	5	10	10.879	2.6
2005	5	11	2.621	2.6
2005	5	12	1.254	2.633
2005	5	13	3.058	2.646
2005	5	14	3.646	2.638
2005	5	15	2.958	2.638
2005	5	16	3.658	2.692
2005	5	17	3.678	2.717
2005	5	18	6.612	2.758
2005	5	19	9.638	2.829
2005	5	20	9.537	2.888
2005	5	21	10.933	2.854
2005	5	22	10.688	2.892
2005	5	23	8.221	2.921
2005	5	24	9.037	2.979
2005	5	25	12.008	2.962
2005	5	26	11.796	2.942
2005	5	27	8.333	2.983
2005	5	28	6.737	2.983
2005	5	29	7.346	3.054
2005	5	30	6.612	3.067
2005	5	31	9.554	3.146
2005	6	1	12.379	3.233
2005	6	2	14.558	3.171
2005	6	3	16.196	3.183
2005	6	4	15.746	3.192
2005	6	5	16.258	3.208
2005	6	6	13.346	3.225
2005	6	7	10.867	3.288
2005	6	8	6.137	3.3
2005	6	9	7.967	3.387
2005	6	10	11.529	3.363
2005	6	11	15.879	3.367
2005	6	12	17.446	3.433
2005	6	13	13.958	3.525
2005	6	14	10.742	3.433
2005	6	15	8.167	3.433
2005	6	16	9.029	3.467
2005	6	17	9.354	3.512
2005	6	18	11.55	3.708
2005	6	19	14.979	3.6
2005	6	20	18.271	3.592
2005	6	21	15.925	3.646
2005	6	22	16.225	3.663
2005	6	23	16.438	3.692
2005	6	24	21.7	3.738
2005	6	25	16.104	3.862
2005	6	26	13.092	4.371
2005	6	27	20.225	4.692
2005	6	28	16.588	4.838
2005	6	29	9.258	5.138
2005	6	30	15.158	5.363
2005	7	1	12.396	4.586
2005	7	2	15.121	4.408
2005	7	3	15.388	4.45
2005	7	4	16.346	4.921
2005	7	5	8.379	5.046
2005	7	6	9.696	5.717
2005	7	7	13.979	7.475
2005	7	8	18.008	7.613
2005	7	9	20.821	7.954
2005	7	10	22.27	9.321
2005	7	11	22.9	11.217
2005	7	12	21.771	14.021
2005	7	13	19.783	13.55
2005	7	14	16.052	11.042
2005	7	15	18.042	12.008
2005	7	16	21.429	13.208
2005	7	17	22.871	13.987
2005	7	18	21.962	12.833
2005	7	19	14.496	11.222
2005	7	20	17.967	10.037
2005	7	21	17.283	10.388
2005	7	22	16.6	11
2005	7	23	18.387	11.654
2005	7	24	19.629	12.333
2005	7	25	20.721	12.487
2005	7	26	15.825	12.6
2005	7	27	14.562	12.07
2005	7	28	16.108	12.492
2005	7	29	14.917	12.846
2005	7	30	15.275	13.2
2005	7	31	18.55	13.092
2005	8	1	17.762	14.383
2005	8	2	21.083	15.362
2005	8	3	24.129	15.467
2005	8	4	21.125	14.992
2005	8	5	18.675	14.592
2005	8	6	19.892	15.117
2005	8	7	21.55	15.508
2005	8	8	22.158	16.004
2005	8	9	22.475	15.85
2005	8	10	18.221	15.921
2005	8	11	18.542	16.15
2005	8	12	19.192	16.321
2005	8	13	18.479	16.425
2005	8	14	17.45	16.725
2005	8	15	18.654	16.952
2005	8	16	18.875	16.962
2005	8	17	17.45	16.837
2005	8	18	17.833	17.008
2005	8	19	18.775	17.471
2005	8	20	19.233	17.929
2005	8	21	16.667	17.196
2005	8	22	14.23	16.037
2005	8	23	16.4	16.343
2005	8	24	16.992	16.55
2005	8	25	17.975	16.792
2005	8	26	18.829	16.9
2005	8	27	18.854	17.238
2005	8	28	18.346	17.438
2005	8	29	17.717	17.258
2005	8	30	16.522	17.279
2005	8	31	17.233	17.512
2005	9	1	18.137	17.696
2005	9	2	17.125	16.748
2005	9	3	16.017	16.508
2005	9	4	15.367	16.554
2005	9	5	18.55	16.554
2005	9	6	20.525	16.5
2005	9	7	18.975	16.483
2005	9	8	17.462	16.992
2005	9	9	17.225	16.95
2005	9	10	18.954	16.667
2005	9	11	22.525	16.725
2005	9	12	23.85	16.95
2005	9	13	19.262	17.025
2005	9	14	16.738	16.867
2005	9	15	16.417	16.717
2005	9	16	17.592	16.722
2005	9	17	18.7	16.991
2005	9	18	18.725	17.021
2005	9	19	16.025	16.958
2005	9	20	15.758	16.854
2005	9	21	18.883	16.978
2005	9	22	16.954	16.967
2005	9	23	12.292	16.617
2005	9	24	14.675	16.458
2005	9	25	15.275	16.429
2005	9	26	14.108	16.327
2005	9	27	16.421	16.146
2005	9	28	15.35	15.896
2005	9	29	9.483	14.552
2005	9	30	14.113	14.108
2005	10	1	17.417	14.363
2005	10	2	17.396	14.533
2005	10	3	19.325	14.512
2005	10	4	16.692	14.413
2005	10	5	13.246	14.271
2005	10	6	11.15	13.687
2005	10	7	4.246	12.929
2005	10	8	5.546	12.092
2005	10	9	9.208	11.892
2005	10	10	10.535	11.583
2005	10	11	11.767	11.435
2005	10	12	13.117	11.846
2005	10	13	13.529	11.921
2005	10	14	13.5	11.737
2005	10	15	11.713	11.265
2005	10	16	7.933	10.724
2005	10	17	9.742	9.713
2005	10	18	8.571	9.413
2005	10	19	6.896	9.188
2005	10	20	5.592	9.125
2005	10	21	5.775	9.196
2005	10	22	8.063	9.196
2005	10	23	6.946	9.071
2005	10	24	6.654	9.033
2005	10	25	5.592	9.283
2005	10	26	5.058	9.267
2005	10	27	6.158	9.208
2005	10	28	7.967	9.2
2005	10	29	10.821	9.083
2005	10	30	12.029	8.675
2005	10	31	9.767	8.596
2005	11	1	7.037	8.467
2005	11	2	8.096	8.413
2005	11	3	8.483	8.141
2005	11	4	5.246	7.767
2005	11	5	3.971	7.596
2005	11	6	3.233	7.392
2005	11	7	5.767	7.232
2005	11	8	6.992	7.085
2005	11	9	6.538	-999
2005	11	10	1.779	-999
2005	11	11	4.804	-999
2005	11	12	7.133	-999
2005	11	13	7.121	-999
2005	11	14	1.579	-999
2005	11	15	3.338	-999
2005	11	16	-0.537	-999
2005	11	17	-6.842	-999
2005	11	18	-4.417	-999
2005	11	19	1.942	-999
2005	11	20	2.196	-999
2005	11	21	3.542	-999
2005	11	22	-5.625	-999
2005	11	23	-1.679	-999
2005	11	24	-9.471	-999
2005	11	25	-5.183	-999
2005	11	26	-3.675	-999
2005	11	27	1.638	-999
2005	11	28	4.921	-999
2005	11	29	5.087	-999
2005	11	30	-4.121	-999
2005	12	1	-3.804	-999
2005	12	2	-5.637	-999
2005	12	3	-6.988	-999
2005	12	4	-7.104	-999
2005	12	5	-8.029	-999
2005	12	6	-8.037	-999
2005	12	7	-5.229	-999
2005	12	8	-3.892	-999
2005	12	9	-3.083	-999
2005	12	10	-1.846	-999
2005	12	11	-7.475	-999
2005	12	12	-6.829	-999
2005	12	13	-3.379	-999
2005	12	14	-0.958	-999
2005	12	15	-0.262	-999
2005	12	16	-0.913	-999
2005	12	17	-3.579	-999
2005	12	18	-5.675	-999
2005	12	19	-4.829	-999
2005	12	20	-3.996	-999
2005	12	21	-4.079	-999
2005	12	22	-1.021	-999
2005	12	23	1.45	-999
2005	12	24	0.104	-999
2005	12	25	0.354	-999
2005	12	26	-0.562	-999
2005	12	27	1.167	-999
2005	12	28	1.592	-999
2005	12	29	-2.771	-999
2005	12	30	-3.571	-999
2005	12	31	-1.708	-999
2006	1	1	0.067	-999
2006	1	2	-0.175	-999
2006	1	3	0.7	-999
2006	1	4	1.508	-999
2006	1	5	-2.125	-999
2006	1	6	-5.017	-999
2006	1	7	-0.579	-999
2006	1	8	-1.775	-999
2006	1	9	-0.73	-999
2006	1	10	-1.717	-999
2006	1	11	0.413	-999
2006	1	12	2.85	-999
2006	1	13	1.267	-999
2006	1	14	-3.979	-999
2006	1	15	-3.342	-999
2006	1	16	-3.317	-999
2006	1	17	-1.596	-999
2006	1	18	-3.426	-999
2006	1	19	-4.913	-999
2006	1	20	-1.396	-999
2006	1	21	-3.829	-999
2006	1	22	-0.442	-999
2006	1	23	-1.775	-999
2006	1	24	0.017	-999
2006	1	25	-4.571	-999
2006	1	26	-1.921	-999
2006	1	27	3.438	-999
2006	1	28	2.671	-999
2006	1	29	0.238	-999
2006	1	30	-4.362	-999
2006	1	31	-3.546	-999
2006	2	1	0.129	-999
2006	2	2	0.325	-999
2006	2	3	1.258	-999
2006	2	4	-3.546	-999
2006	2	5	-5.837	-999
2006	2	6	-5.925	-999
2006	2	7	-5.612	-999
2006	2	8	-6.142	-999
2006	2	9	-5.604	-999
2006	2	10	-3.265	-999
2006	2	11	-2.212	-999
2006	2	12	-4.717	-999
2006	2	13	-5.15	-999
2006	2	14	-2.729	-999
2006	2	15	-6.458	-999
2006	2	16	-8.158	-999
2006	2	17	-10.262	-999
2006	2	18	-14.792	-999
2006	2	19	-8.342	-999
2006	2	20	-5.208	-999
2006	2	21	-5.675	-999
2006	2	22	-3.542	-999
2006	2	23	-3.704	-999
2006	2	24	-5.4	-999
2006	2	25	-6.108	-999
2006	2	26	-8.2	-999
2006	2	27	-7.725	-999
2006	2	28	-8.65	-999
2006	3	1	-5.529	-999
2006	3	2	-4.613	-999
2006	3	3	-5.2	-999
2006	3	4	-3.917	-999
2006	3	5	-2.004	-999
2006	3	6	0.079	-999
2006	3	7	0.175	-999
2006	3	8	1.442	-999
2006	3	9	1.729	-999
2006	3	10	1.542	-999
2006	3	11	3.021	-999
2006	3	12	4.013	-999
2006	3	13	1.25	-999
2006	3	14	-3.804	-999
2006	3	15	-2.875	-999
2006	3	16	-3.287	-999
2006	3	17	-4.742	-999
2006	3	18	-4.142	-999
2006	3	19	-2.054	-999
2006	3	20	-2.912	-999
2006	3	21	-4.067	-999
2006	3	22	-1.1	-999
2006	3	23	-0.842	-999
2006	3	24	0.246	-999
2006	3	25	0.75	-999
2006	3	26	1.283	-999
2006	3	27	2.387	-999
2006	3	28	3.083	-999
2006	3	29	4.425	-999
2006	3	30	4.979	-999
2006	3	31	6.904	-999
2006	4	1	1.246	-999
2006	4	2	1.471	-999
2006	4	3	1.654	-999
2006	4	4	-0.65	-999
2006	4	5	2.971	-999
2006	4	6	5.963	-999
2006	4	7	0.262	-999
2006	4	8	-0.254	-999
2006	4	9	3.075	-999
2006	4	10	5.552	-999
2006	4	11	7.254	-999
2006	4	12	8.363	-999
2006	4	13	7.596	-999
2006	4	14	7.617	-999
2006	4	15	4.946	-999
2006	4	16	2.913	-999
2006	4	17	4.45	-999
2006	4	18	5.37	-999
2006	4	19	8.1	-999
2006	4	20	9.537	-999
2006	4	21	10.091	-999
2006	4	22	6.175	-999
2006	4	23	4.225	-999
2006	4	24	5.1	-999
2006	4	25	2.517	-999
2006	4	26	5.708	2.544
2006	4	27	2.646	2.563
2006	4	28	2.05	2.548
2006	4	29	5.825	2.622
2006	4	30	6.637	2.625
2006	5	1	8.854	2.696
2006	5	2	10.109	2.7
2006	5	3	10.337	2.717
2006	5	4	7.492	2.637
2006	5	5	2.596	2.68
2006	5	6	3.454	2.674
2006	5	7	4.104	2.667
2006	5	8	8.825	2.663
2006	5	9	10.6	2.7
2006	5	10	8.321	2.721
2006	5	11	2.475	2.767
2006	5	12	3.346	2.779
2006	5	13	5.742	2.837
2006	5	14	7.738	2.904
2006	5	15	7.721	2.9
2006	5	16	8.229	2.87
2006	5	17	8.479	2.9
2006	5	18	4.925	2.9
2006	5	19	5.583	2.9
2006	5	20	8.158	2.914
2006	5	21	2.996	2.98
2006	5	22	4.279	2.982
2006	5	23	9.992	2.971
2006	5	24	13.243	3.004
2006	5	25	10.774	3.05
2006	5	26	7.404	3.088
2006	5	27	8.567	3.058
2006	5	28	16.517	3.125
2006	5	29	19.642	3.15
2006	5	30	17.617	3.174
2006	5	31	13.838	3.175
2006	6	1	13.192	3.229
2006	6	2	10.717	3.279
2006	6	3	8.271	3.304
2006	6	4	12.992	3.337
2006	6	5	15.242	3.321
2006	6	6	16.379	3.312
2006	6	7	11.067	3.412
2006	6	8	8.204	3.429
2006	6	9	6.888	3.415
2006	6	10	7.304	3.424
2006	6	11	8.229	3.518
2006	6	12	9.033	3.571
2006	6	13	10.396	3.546
2006	6	14	10.262	3.75
2006	6	15	13.646	3.679
2006	6	16	19.15	3.663
2006	6	17	22.075	3.725
2006	6	18	19.396	3.754
2006	6	19	15.433	3.75
2006	6	20	14.429	4.239
2006	6	21	16.204	4.154
2006	6	22	12.892	4.011
2006	6	23	13.942	4.032
2006	6	24	14.8	4.675
2006	6	25	11.788	6.378
2006	6	26	14.842	8.287
2006	6	27	13.562	10.279
2006	6	28	12.179	7.825
2006	6	29	16.196	8.048
2006	6	30	16.729	8.26
2006	7	1	18.704	8.327
2006	7	2	16.975	6.08
2006	7	3	19.375	6.996
2006	7	4	14.45	7.106
2006	7	5	14.35	7.21
2006	7	6	17.892	7.832
2006	7	7	21.15	8.806
2006	7	8	20.404	8.587
2006	7	9	16.025	7.984
2006	7	10	9.55	7.695
2006	7	11	12.496	9.467
2006	7	12	15.779	11.064
2006	7	13	21.208	13.192
2006	7	14	20.658	12.005
2006	7	15	22.567	12.011
2006	7	16	23.717	12.9
2006	7	17	21.046	12.567
2006	7	18	18.304	10.046
2006	7	19	19.371	11.036
2006	7	20	20.229	11.186
2006	7	21	15.675	11.79
2006	7	22	15.996	12.233
2006	7	23	16.517	13.064
2006	7	24	18.065	13.244
2006	7	25	20.979	14.169
2006	7	26	19.762	14.088
2006	7	27	20.371	15.2
2006	7	28	22.667	15.438
2006	7	29	17.771	15.587
2006	7	30	16.883	15.242
2006	7	31	21.592	15.876
2006	8	1	23.254	16.018
2006	8	2	19.721	16.581
2006	8	3	20.542	16.9
2006	8	4	19.963	16.938
2006	8	5	20.567	17.269
2006	8	6	21.517	17.145
2006	8	7	19.183	16.6
2006	8	8	19.108	16.52
2006	8	9	19.943	16.381
2006	8	10	16.996	16.012
2006	8	11	14.85	14.923
2006	8	12	16.396	15.211
2006	8	13	19.021	15.356
2006	8	14	19.696	14.967
2006	8	15	17.742	14
2006	8	16	18.725	14.693
2006	8	17	19.426	14.771
2006	8	18	19.146	15.123
2006	8	19	16.946	15.537
2006	8	20	16.738	15.711
2006	8	21	19.574	16.125
2006	8	22	17.746	16.067
2006	8	23	17.004	16.4
2006	8	24	16.271	16.276
2006	8	25	16.146	15.871
2006	8	26	17.025	15.659
2006	8	27	17.308	16.064
2006	8	28	18.9	16.37
2006	8	29	16.788	16.409
2006	8	30	15.271	16.126
2006	8	31	16.262	16.248
2006	9	1	16.904	16.448
2006	9	2	17.583	17.1
2006	9	3	17.621	17.409
2006	9	4	18.088	17.176
2006	9	5	18.321	17.423
2006	9	6	15.633	17.11
2006	9	7	18.65	17.009
2006	9	8	13.767	16.867
2006	9	9	10.821	16.296
2006	9	10	12.45	16.304
2006	9	11	13.796	16.252
2006	9	12	14.617	16.179
2006	9	13	14.633	16.223
2006	9	14	16.067	16.309
2006	9	15	16.904	16.417
2006	9	16	17.063	16.435
2006	9	17	18.392	16.596
2006	9	18	14.637	16.622
2006	9	19	10.583	16.328
2006	9	20	9.437	15.475
2006	9	21	12.746	15.273
2006	9	22	14.017	15.221
2006	9	23	13.725	15.258
2006	9	24	9.854	14.909
2006	9	25	12.429	14.533
2006	9	26	12.991	14
2006	9	27	11.229	13.783
2006	9	28	8.558	13.564
2006	9	29	8.967	13.53
2006	9	30	10.246	13.463
2006	10	1	10.567	13.368
2006	10	2	13.874	13.467
2006	10	3	13.404	13.6
2006	10	4	10.967	13.336
2006	10	5	10.858	13.145
2006	10	6	11.963	13.088
2006	10	7	12.896	12.956
2006	10	8	14.867	12.713
2006	10	9	8.808	12.365
2006	10	10	7.654	12.171
2006	10	11	7.6	12.045
2006	10	12	0.808	11.211
2006	10	13	2.591	10.321
2006	10	14	3.679	9.624
2006	10	15	6.212	9.262
2006	10	16	8.339	9.1
2006	10	17	8.571	8.858
2006	10	18	7.421	8.437
2006	10	19	4.6	8.194
2006	10	20	3.796	8.363
2006	10	21	3.929	8.309
2006	10	22	3.25	8.174
2006	10	23	2.988	8.006
2006	10	24	3.335	7.905
2006	10	25	4.212	7.841
2006	10	26	4.858	7.704
2006	10	27	6.483	7.625
2006	10	28	5.667	7.271
2006	10	29	3.921	6.657
2006	10	30	5.812	6.525
2006	10	31	5.392	6.22
2006	11	1	0.458	5.477
2006	11	2	0.183	5.17
2006	11	3	0.762	5.408
2006	11	4	1.967	5.34
2006	11	5	5.508	5.387
2006	11	6	8.092	5.5
2006	11	7	8.279	-999
2006	11	8	8.067	-999
2006	11	9	7.821	-999
2006	11	10	1.938	-999
2006	11	11	0.037	-999
2006	11	12	1.412	-999
2006	11	13	4.054	-999
2006	11	14	3.754	-999
2006	11	15	4.183	-999
2006	11	16	2.417	-999
2006	11	17	1.529	-999
2006	11	18	2.221	-999
2006	11	19	1.658	-999
2006	11	20	0.696	-999
2006	11	21	5.263	-999
2006	11	22	6.525	-999
2006	11	23	6.55	-999
2006	11	24	5.875	-999
2006	11	25	6.358	-999
2006	11	26	4.354	-999
2006	11	27	2.4	-999
2006	11	28	2.5	-999
2006	11	29	5.992	-999
2006	11	30	-5.133	-999
2006	12	1	-3.358	-999
2006	12	2	-2.775	-999
2006	12	3	-4.292	-999
2006	12	4	-5.771	-999
2006	12	5	-4.975	-999
2006	12	6	-4.942	-999
2006	12	7	-8.354	-999
2006	12	8	-4.179	-999
2006	12	9	1.633	-999
2006	12	10	4.867	-999
2006	12	11	3.613	-999
2006	12	12	4.592	-999
2006	12	13	4.704	-999
2006	12	14	3.404	-999
2006	12	15	2.363	-999
2006	12	16	2.454	-999
2006	12	17	3.146	-999
2006	12	18	-1.596	-999
2006	12	19	0.65	-999
2006	12	20	4.275	-999
2006	12	21	2.25	-999
2006	12	22	2.675	-999
2006	12	23	2.696	-999
2006	12	24	2.208	-999
2006	12	25	1.75	-999
2006	12	26	-4.583	-999
2006	12	27	-0.896	-999
2006	12	28	-3.104	-999
2006	12	29	-0.308	-999
2006	12	30	1.479	-999
2006	12	31	1.708	-999
2007	1	1	1.792	-999
2007	1	2	1.7	-999
2007	1	3	3.371	-999
2007	1	4	4.839	-999
2007	1	5	3.638	-999
2007	1	6	1.563	-999
2007	1	7	1.704	-999
2007	1	8	-1.517	-999
2007	1	9	-6.346	-999
2007	1	10	-7.629	-999
2007	1	11	0.722	-999
2007	1	12	-4.861	-999
2007	1	13	-9.037	-999
2007	1	14	-6.3	-999
2007	1	15	-7.879	-999
2007	1	16	-9.321	-999
2007	1	17	-4.829	-999
2007	1	18	-2.954	-999
2007	1	19	-6.604	-999
2007	1	20	-8.033	-999
2007	1	21	-3.363	-999
2007	1	22	-1.738	-999
2007	1	23	-3.592	-999
2007	1	24	-8.338	-999
2007	1	25	-11.258	-999
2007	1	26	-6.317	-999
2007	1	27	-3.613	-999
2007	1	28	-9.763	-999
2007	1	29	-7.871	-999
2007	1	30	-8.017	-999
2007	1	31	-7.458	-999
2007	2	1	-6.439	-999
2007	2	2	-10.808	-999
2007	2	3	-15.783	-999
2007	2	4	-19.642	-999
2007	2	5	-15.15	-999
2007	2	6	-14.538	-999
2007	2	7	-10.792	-999
2007	2	8	-9.939	-999
2007	2	9	-10.321	-999
2007	2	10	-10.679	-999
2007	2	11	-8.475	-999
2007	2	12	-11.529	-999
2007	2	13	-11.004	-999
2007	2	14	-10.886	-999
2007	2	15	-10.654	-999
2007	2	16	-7.325	-999
2007	2	17	-6.313	-999
2007	2	18	-10.321	-999
2007	2	19	-5.267	-999
2007	2	20	-2.163	-999
2007	2	21	0.396	-999
2007	2	22	-3.242	-999
2007	2	23	-8.213	-999
2007	2	24	-5.683	-999
2007	2	25	-2.825	-999
2007	2	26	-2.421	-999
2007	2	27	-1.671	-999
2007	2	28	-1.104	-999
2007	3	1	-1.675	-999
2007	3	2	-3.133	-999
2007	3	3	-5.913	-999
2007	3	4	-2.921	-999
2007	3	5	-11.258	-999
2007	3	6	-12.333	-999
2007	3	7	-9.004	-999
2007	3	8	-4.821	-999
2007	3	9	-0.108	-999
2007	3	10	1.637	-999
2007	3	11	2.604	-999
2007	3	12	5.096	-999
2007	3	13	6.396	-999
2007	3	14	3.404	-999
2007	3	15	-8.704	-999
2007	3	16	-5.462	-999
2007	3	17	-3.667	-999
2007	3	18	-1.429	-999
2007	3	19	-0.583	-999
2007	3	20	-8.514	-999
2007	3	21	0.496	-999
2007	3	22	2.383	-999
2007	3	23	3.5	-999
2007	3	24	5.174	-999
2007	3	25	5.517	-999
2007	3	26	7.871	-999
2007	3	27	3.854	-999
2007	3	28	2.067	-999
2007	3	29	3.317	-999
2007	3	30	1.883	-999
2007	3	31	2.129	-999
2007	4	1	2.879	-999
2007	4	2	2.737	-999
2007	4	3	1.591	-999
2007	4	4	-3.963	-999
2007	4	5	-7.529	-999
2007	4	6	-7.758	-999
2007	4	7	-6.192	-999
2007	4	8	-3.95	-999
2007	4	9	-2.646	-999
2007	4	10	-1.783	-999
2007	4	11	-0.242	-999
2007	4	12	-0.421	-999
2007	4	13	0.713	-999
2007	4	14	2.45	-999
2007	4	15	1.883	-999
2007	4	16	3.392	-999
2007	4	17	4.408	-999
2007	4	18	3.6	-999
2007	4	19	4.621	-999
2007	4	20	7.217	-999
2007	4	21	10.55	-999
2007	4	22	12.579	-999
2007	4	23	5.8	-999
2007	4	24	4.55	-999
2007	4	25	3.812	-999
2007	4	26	4.192	-999
2007	4	27	5.904	-999
2007	4	28	8.913	-999
2007	4	29	12.788	-999
2007	4	30	6.008	-999
2007	5	1	4.829	-999
2007	5	2	4.233	-999
2007	5	3	5.879	-999
2007	5	4	7.925	-999
2007	5	5	6.596	-999
2007	5	6	8.375	-999
2007	5	7	9.479	-999
2007	5	8	12.179	-999
2007	5	9	14.446	-999
2007	5	10	15.529	-999
2007	5	11	5.375	-999
2007	5	12	4.829	-999
2007	5	13	8.029	-999
2007	5	14	10.129	2.514
2007	5	15	5.383	2.5
2007	5	16	3.6	2.504
2007	5	17	6.037	2.458
2007	5	18	13.037	2.5
2007	5	19	8.367	2.475
2007	5	20	1.379	2.508
2007	5	21	4.325	2.513
2007	5	22	10.583	2.546
2007	5	23	16.95	2.604
2007	5	24	17.679	2.642
2007	5	25	7.987	2.658
2007	5	26	7.904	2.639
2007	5	27	7.7	2.609
2007	5	28	8.45	2.683
2007	5	29	13.546	2.7
2007	5	30	19.137	2.746
2007	5	31	17.67	2.761
2007	6	1	11.425	2.883
2007	6	2	7.846	2.854
2007	6	3	8.113	2.913
2007	6	4	8.162	2.822
2007	6	5	5.621	2.846
2007	6	6	7.921	2.85
2007	6	7	10.575	2.9
2007	6	8	12.525	2.908
2007	6	9	14.962	2.946
2007	6	10	16.375	2.983
2007	6	11	16.213	3.05
2007	6	12	19.583	3.096
2007	6	13	19.921	3.133
2007	6	14	17.654	3.167
2007	6	15	20.022	3.154
2007	6	16	16.213	3.142
2007	6	17	14.879	3.204
2007	6	18	16.508	3.196
2007	6	19	13.848	3.232
2007	6	20	13.183	3.258
2007	6	21	13.436	3.279
2007	6	22	10.825	3.325
2007	6	23	14.962	3.346
2007	6	24	16.067	3.396
2007	6	25	17.262	3.4
2007	6	26	19.163	3.4
2007	6	27	17.258	3.421
2007	6	28	7.9	3.446
2007	6	29	10.067	3.462
2007	6	30	10.075	3.517
2007	7	1	9.733	3.635
2007	7	2	11.512	3.55
2007	7	3	14.126	3.617
2007	7	4	12.7	3.679
2007	7	5	16.779	3.688
2007	7	6	14.112	3.858
2007	7	7	20.554	3.979
2007	7	8	16.796	4.279
2007	7	9	15.171	4.542
2007	7	10	15.821	4.857
2007	7	11	12.904	4.008
2007	7	12	12.108	3.938
2007	7	13	12.257	4.021
2007	7	14	11.237	4.129
2007	7	15	12.917	4.233
2007	7	16	14.421	4.729
2007	7	17	17.578	6.012
2007	7	18	15.083	7.971
2007	7	19	11.862	6.742
2007	7	20	11.567	5.929
2007	7	21	15.422	6.674
2007	7	22	17.075	6.904
2007	7	23	19.548	7.012
2007	7	24	18.971	8.779
2007	7	25	20.017	9.729
2007	7	26	19.562	9.371
2007	7	27	16.421	9.596
2007	7	28	17.388	10.454
2007	7	29	20.026	12.133
2007	7	30	22.171	12.242
2007	7	31	21.775	13.183
2007	8	1	23.246	13.713
2007	8	2	21.375	13.417
2007	8	3	18.287	11.854
2007	8	4	18.521	12.226
2007	8	5	18.125	13.046
2007	8	6	18.321	12.796
2007	8	7	17.642	13.021
2007	8	8	17.175	13.367
2007	8	9	17.079	14.558
2007	8	10	18.039	14.992
2007	8	11	19.117	15.358
2007	8	12	20.412	14.571
2007	8	13	17.496	14.088
2007	8	14	18.232	14.1
2007	8	15	16.829	13.817
2007	8	16	16.025	13.225
2007	8	17	14.967	13
2007	8	18	13.163	13.237
2007	8	19	13.2	13.563
2007	8	20	14.775	13.463
2007	8	21	15.896	13.292
2007	8	22	17.758	13.775
2007	8	23	18.763	13.863
2007	8	24	17.175	14.317
2007	8	25	16.039	14.362
2007	8	26	16.379	14.275
2007	8	27	18.55	14.196
2007	8	28	18.5	14.396
2007	8	29	15.838	14.446
2007	8	30	16.958	14.692
2007	8	31	16.471	15.025
2007	9	1	16.104	15.129
2007	9	2	20.304	15.017
2007	9	3	17.683	15.05
2007	9	4	15.229	15.158
2007	9	5	18.471	15.142
2007	9	6	23.517	15.45
2007	9	7	19.479	15.625
2007	9	8	14.658	14.85
2007	9	9	13.125	-999
2007	9	10	12.046	-999
2007	9	11	12.117	-999
2007	9	12	7.667	-999
2007	9	13	11.443	-999
2007	9	14	9.521	-999
2007	9	15	7.512	-999
2007	9	16	11.565	-999
2007	9	17	14.042	-999
2007	9	18	16.352	-999
2007	9	19	16.967	-999
2007	9	20	11.274	-999
2007	9	21	15.038	-999
2007	9	22	14.226	-999
2007	9	23	16.283	-999
2007	9	24	16.696	-999
2007	9	25	17.046	-999
2007	9	26	10.352	-999
2007	9	27	11.058	9.9
2007	9	28	11.233	9.792
2007	9	29	12.087	9.887
2007	9	30	15.504	10.033
2007	10	1	14.163	10.375
2007	10	2	12.871	10.558
2007	10	3	14.083	10.183
2007	10	4	15.317	9.921
2007	10	5	12.683	10.05
2007	10	6	11.021	9.963
2007	10	7	15.163	9.975
2007	10	8	13.646	10.129
2007	10	9	10.583	9.875
2007	10	10	7.987	9.717
2007	10	11	5.225	9.329
2007	10	12	4.792	8.975
2007	10	13	6.938	8.646
2007	10	14	8.346	8.333
2007	10	15	8.379	8.287
2007	10	16	8.446	8.142
2007	10	17	10.996	7.925
2007	10	18	11.583	8.167
2007	10	19	12.65	8.221
2007	10	20	11.179	8.233
2007	10	21	11.904	8.238
2007	10	22	8.512	8.167
2007	10	23	8.325	8.054
2007	10	24	4.9	8.029
2007	10	25	5.408	8.075
2007	10	26	8.4	8.329
2007	10	27	6.854	8.212
2007	10	28	4.217	7.933
2007	10	29	8.838	7.675
2007	10	30	9.204	7.65
2007	10	31	10.392	8.05
2007	11	1	3.892	7.458
2007	11	2	7.462	7.125
2007	11	3	7.261	7.379
2007	11	4	6.208	7.408
2007	11	5	5.133	7.467
2007	11	6	1.513	6.742
2007	11	7	-0.008	6.175
2007	11	8	1.608	6.196
2007	11	9	3.642	6.1
2007	11	10	3.817	6.083
2007	11	11	6.421	6.246
2007	11	12	7.404	6.479
2007	11	13	8.158	6.392
2007	11	14	7.721	6.317
2007	11	15	0.45	6.133
2007	11	16	0.387	5.862
2007	11	17	-0.488	5.692
2007	11	18	0.854	5.621
2007	11	19	4.296	5.954
2007	11	20	4.488	6.021
2007	11	21	0.383	5.929
2007	11	22	-4.071	5.717
2007	11	23	-2.808	5.521
2007	11	24	0.142	5.571
2007	11	25	3.017	5.508
2007	11	26	0.458	5.483
2007	11	27	-4.788	5.371
2007	11	28	-3.837	5.188
2007	11	29	-4.733	5.033
2007	11	30	-8.804	4.783
2007	12	1	-8.108	4.496
2007	12	2	-1.042	4.496
2007	12	3	-5.225	4.408
2007	12	4	-5.675	4.367
2007	12	5	-8.441	4.41
2007	12	6	-6.167	4.483
2007	12	7	-4.354	4.396
2007	12	8	-7.8	4.341
2007	12	9	-6.396	4.329
2007	12	10	-4.692	4.309
2007	12	11	-2.392	4.3
2007	12	12	-4.937	4.275
2007	12	13	-1.283	-999
2007	12	14	-7.812	-999
2007	12	15	-5.75	-999
2007	12	16	-3.358	-999
2007	12	17	-5.079	-999
2007	12	18	-0.654	-999
2007	12	19	-0.504	-999
2007	12	20	0.025	-999
2007	12	21	2.508	-999
2007	12	22	2.95	-999
2007	12	23	2.538	-999
2007	12	24	-3.537	-999
2007	12	25	-1.363	-999
2007	12	26	0.163	-999
2007	12	27	-1.463	-999
2007	12	28	-3.646	-999
2007	12	29	-2.4	-999
2007	12	30	-3.233	-999
2007	12	31	-2.567	-999
2008	1	1	-2.65	-999
2008	1	2	-7.029	-999
2008	1	3	-5.333	-999
2008	1	4	-1.954	-999
2008	1	5	-0.433	-999
2008	1	6	3.504	-999
2008	1	7	3.975	-999
2008	1	8	2.8	-999
2008	1	9	-0.071	-999
2008	1	10	-0.292	-999
2008	1	11	0.096	-999
2008	1	12	-2.462	-999
2008	1	13	-1.096	-999
2008	1	14	-2.204	-999
2008	1	15	-5.3	-999
2008	1	16	-2.529	-999
2008	1	17	-2.067	-999
2008	1	18	-7.425	-999
2008	1	19	-14.529	-999
2008	1	20	-14.783	-999
2008	1	21	-11.483	-999
2008	1	22	-9.617	-999
2008	1	23	-12.617	-999
2008	1	24	-11.208	-999
2008	1	25	-6.487	-999
2008	1	26	-4.033	-999
2008	1	27	-2.812	-999
2008	1	28	1.054	-999
2008	1	29	1.217	-999
2008	1	30	-13.775	-999
2008	1	31	-12.258	-999
2008	2	1	-5.15	-999
2008	2	2	-1.633	-999
2008	2	3	-0.887	-999
2008	2	4	-0.75	-999
2008	2	5	-0.263	-999
2008	2	6	-7.008	-999
2008	2	7	-5.871	-999
2008	2	8	-2.217	-999
2008	2	9	-2.088	-999
2008	2	10	-15.242	-999
2008	2	11	-13.179	-999
2008	2	12	-9.208	-999
2008	2	13	-7.55	-999
2008	2	14	-9.042	-999
2008	2	15	-12.296	-999
2008	2	16	-8.896	-999
2008	2	17	-1.888	-999
2008	2	18	-7.067	-999
2008	2	19	-10.904	-999
2008	2	20	-12.142	-999
2008	2	21	-10.237	-999
2008	2	22	-6.771	-999
2008	2	23	-5.321	-999
2008	2	24	-2.117	-999
2008	2	25	-0.042	-999
2008	2	26	-5.908	-999
2008	2	27	-10.067	-999
2008	2	28	-8.071	-999
2008	2	29	-4.287	-999
2008	3	1	-4.371	-999
2008	3	2	-1.971	-999
2008	3	3	-2.758	-999
2008	3	4	-9.608	-999
2008	3	5	-4.967	-999
2008	3	6	-6.771	-999
2008	3	7	-12.329	-999
2008	3	8	-10.7	-999
2008	3	9	-7.479	-999
2008	3	10	-5.571	-999
2008	3	11	-0.004	-999
2008	3	12	-3.537	-999
2008	3	13	-0.996	-999
2008	3	14	2.008	-999
2008	3	15	-5.004	-999
2008	3	16	-5.433	-999
2008	3	17	-2.075	-999
2008	3	18	-0.721	-999
2008	3	19	-0.239	-999
2008	3	20	-4.783	-999
2008	3	21	-4.4	-999
2008	3	22	-2.175	-999
2008	3	23	-6.829	-999
2008	3	24	-4.383	-999
2008	3	25	0.463	-999
2008	3	26	-1.496	-999
2008	3	27	-3.129	-999
2008	3	28	-2.513	-999
2008	3	29	-0.621	-999
2008	3	30	0.8	-999
2008	3	31	1.892	-999
2008	4	1	-1.404	-999
2008	4	2	0.5	-999
2008	4	3	3.9	-999
2008	4	4	5.017	-999
2008	4	5	3.496	-999
2008	4	6	3.417	-999
2008	4	7	4.092	-999
2008	4	8	0.621	-999
2008	4	9	-0.042	-999
2008	4	10	0.662	-999
2008	4	11	0.687	-999
2008	4	12	-0.379	-999
2008	4	13	0.042	-999
2008	4	14	1.162	-999
2008	4	15	4.654	-999
2008	4	16	6.075	-999
2008	4	17	5.529	-999
2008	4	18	4.208	-999
2008	4	19	2.933	-999
2008	4	20	3.392	-999
2008	4	21	6.487	-999
2008	4	22	10.262	-999
2008	4	23	5.717	-999
2008	4	24	10.363	-999
2008	4	25	7.729	-999
2008	4	26	4.783	-999
2008	4	27	-0.938	-999
2008	4	28	-0.483	-999
2008	4	29	1.179	-999
2008	4	30	2.579	-999
2008	5	1	2.97	-999
2008	5	2	4.413	-999
2008	5	3	3.417	-999
2008	5	4	3.142	-999
2008	5	5	3.571	-999
2008	5	6	5.133	-999
2008	5	7	5.008	-999
2008	5	8	3.929	-999
2008	5	9	3.479	-999
2008	5	10	4.883	-999
2008	5	11	4.125	-999
2008	5	12	2.792	2.343
2008	5	13	5.542	2.358
2008	5	14	5.942	2.421
2008	5	15	8.342	2.438
2008	5	16	7.504	2.546
2008	5	17	6.625	2.529
2008	5	18	3.713	2.538
2008	5	19	5.317	2.558
2008	5	20	5.117	2.6
2008	5	21	3.762	2.6
2008	5	22	4.233	2.617
2008	5	23	5.421	2.654
2008	5	24	7.57	2.687
2008	5	25	9.013	2.663
2008	5	26	7.237	2.704
2008	5	27	3.35	2.733
2008	5	28	7.187	2.742
2008	5	29	12.63	2.775
2008	5	30	8.429	2.796
2008	5	31	7.271	2.8
2008	6	1	11.254	2.854
2008	6	2	10.783	2.854
2008	6	3	9.246	2.896
2008	6	4	8.55	2.912
2008	6	5	9.625	2.946
2008	6	6	9.875	2.921
2008	6	7	16.088	2.95
2008	6	8	14.133	2.988
2008	6	9	12.333	3.043
2008	6	10	5.658	3.021
2008	6	11	5.417	3.062
2008	6	12	8.117	3.05
2008	6	13	14.009	3.133
2008	6	14	13.208	3.129
2008	6	15	12.742	3.108
2008	6	16	9.325	3.146
2008	6	17	8.208	3.196
2008	6	18	7.521	3.204
2008	6	19	10.388	3.233
2008	6	20	12.358	3.283
2008	6	21	14.037	3.258
2008	6	22	10.971	3.279
2008	6	23	8.983	3.342
2008	6	24	14.591	3.335
2008	6	25	18.325	3.358
2008	6	26	13.059	3.404
2008	6	27	12.504	3.446
2008	6	28	15.332	3.496
2008	6	29	10.325	3.467
2008	6	30	12.583	3.492
2008	7	1	18.354	3.517
2008	7	2	14.817	3.542
2008	7	3	10.604	3.575
2008	7	4	14.537	3.621
2008	7	5	17.925	3.642
2008	7	6	18.896	3.642
2008	7	7	12.359	3.671
2008	7	8	11.796	3.754
2008	7	9	13.304	3.733
2008	7	10	10.912	3.733
2008	7	11	8.483	3.787
2008	7	12	16.6	3.871
2008	7	13	14.775	3.846
2008	7	14	13.021	3.879
2008	7	15	16.575	4.125
2008	7	16	15.6	5.388
2008	7	17	14.192	5.362
2008	7	18	14.787	5.521
2008	7	19	11.083	6.033
2008	7	20	11.962	6.838
2008	7	21	11.925	6.808
2008	7	22	13.217	7.188
2008	7	23	14.279	7.967
2008	7	24	16.988	8.996
2008	7	25	18.979	9.858
2008	7	26	17.304	8.083
2008	7	27	16.804	7.242
2008	7	28	15.387	8.479
2008	7	29	15.912	8.442
2008	7	30	18.079	7.779
2008	7	31	15.275	8.35
2008	8	1	14.921	9.421
2008	8	2	15.108	9.979
2008	8	3	18.05	11.121
2008	8	4	18.837	11.254
2008	8	5	18.3	12.408
2008	8	6	18.425	11.754
2008	8	7	16.046	11.608
2008	8	8	16.917	12.15
2008	8	9	14.521	12.604
2008	8	10	13.721	12.738
2008	8	11	15.8	13.304
2008	8	12	16.254	14.183
2008	8	13	16.271	15.521
2008	8	14	16.387	15.354
2008	8	15	17.346	15.408
2008	8	16	18.654	15.104
2008	8	17	21.171	15.063
2008	8	18	18.071	14.963
2008	8	19	13.943	14.642
2008	8	20	16.963	14.779
2008	8	21	18.133	14.904
2008	8	22	19.275	14.871
2008	8	23	18.517	14.271
2008	8	24	14.933	14.525
2008	8	25	15.471	15.137
2008	8	26	15.825	15.187
2008	8	27	17.3	15.033
2008	8	28	17.475	14.996
2008	8	29	17.109	14.963
2008	8	30	17.042	15.733
2008	8	31	19.054	15.613
2008	9	1	21.083	15.542
2008	9	2	21.458	15.662
2008	9	3	16.042	15.633
2008	9	4	14.042	15.254
2008	9	5	13.871	15.183
2008	9	6	14.279	15.221
2008	9	7	14.754	15.271
2008	9	8	12.792	15.092
2008	9	9	12.542	14.867
2008	9	10	15.108	14.9
2008	9	11	16.083	14.917
2008	9	12	15.129	14.929
2008	9	13	15.342	14.958
2008	9	14	13.346	14.722
2008	9	15	10.421	13.642
2008	9	16	13.967	13.604
2008	9	17	14.779	13.775
2008	9	18	12.004	13.375
2008	9	19	16.708	13.496
2008	9	20	14.392	13.304
2008	9	21	11.867	12.946
2008	9	22	14.738	12.979
2008	9	23	16.525	13.275
2008	9	24	17.408	13.629
2008	9	25	15.138	13.838
2008	9	26	16.654	13.852
2008	9	27	16.083	14.075
2008	9	28	10.475	13.609
2008	9	29	11.867	13.367
2008	9	30	11.162	13.237
2008	10	1	7.892	11.071
2008	10	2	8.379	10.046
2008	10	3	6.192	9.775
2008	10	4	7.517	10.242
2008	10	5	8.629	10.2
2008	10	6	10.171	9.525
2008	10	7	11.688	9.725
2008	10	8	11.196	10.092
2008	10	9	12.029	10.433
2008	10	10	10.692	9.95
2008	10	11	11.383	10.175
2008	10	12	15.05	10.025
2008	10	13	16.354	10.208
2008	10	14	10.171	9.942
2008	10	15	10.446	9.579
2008	10	16	7.829	9.175
2008	10	17	8.083	9.054
2008	10	18	8.154	8.938
2008	10	19	10.662	9.025
2008	10	20	8.804	9.063
2008	10	21	4.75	8.671
2008	10	22	4.692	8.55
2008	10	23	7.471	8.512
2008	10	24	8.454	8.483
2008	10	25	8.35	8.425
2008	10	26	8.221	8.325
2008	10	27	3.829	8.117
2008	10	28	3.017	7.729
2008	10	29	2.125	7.167
2008	10	30	7.646	6.842
2008	10	31	10.042	6.825
2008	11	1	5.404	6.896
2008	11	2	5.846	6.858
2008	11	3	8.496	7.192
2008	11	4	12.375	7.392
2008	11	5	13.267	7.271
2008	11	6	12.346	7.425
2008	11	7	10.254	7.483
2008	11	8	4.808	7.625
2008	11	9	-0.604	7.142
2008	11	10	0.133	6.633
2008	11	11	0.45	6.538
2008	11	12	3.25	6.467
2008	11	13	6.008	6.425
2008	11	14	5.538	-999
2008	11	15	1.387	-999
2008	11	16	-2.079	-999
2008	11	17	-3.117	-999
2008	11	18	-3.342	-999
2008	11	19	-1.188	-999
2008	11	20	-3.75	-999
2008	11	21	-6.925	-999
2008	11	22	-5.3	-999
2008	11	23	-0.396	-999
2008	11	24	1.938	-999
2008	11	25	1.446	-999
2008	11	26	1.067	-999
2008	11	27	-0.65	-999
2008	11	28	-0.004	-999
2008	11	29	0.296	-999
2008	11	30	-0.454	-999
2008	12	1	-2.9	-999
2008	12	2	-2.025	-999
2008	12	3	-2.188	-999
2008	12	4	-6.312	-999
2008	12	5	-7.275	-999
2008	12	6	-6.558	-999
2008	12	7	-9.121	-999
2008	12	8	-6.467	-999
2008	12	9	-5.171	-999
2008	12	10	-8.65	-999
2008	12	11	-5.725	-999
2008	12	12	-9.717	-999
2008	12	13	-4.733	-999
2008	12	14	0.521	-999
2008	12	15	-5.671	-999
2008	12	16	-11.408	-999
2008	12	17	-8.658	-999
2008	12	18	-6.838	-999
2008	12	19	-8.067	-999
2008	12	20	-7.946	-999
2008	12	21	-6.838	-999
2008	12	22	-11.112	-999
2008	12	23	-6.679	-999
2008	12	24	-3.846	-999
2008	12	25	-5.975	-999
2008	12	26	-1.446	-999
2008	12	27	3.621	-999
2008	12	28	0.1	-999
2008	12	29	-2.2	-999
2008	12	30	-8.221	-999
2008	12	31	-8.963	-999
2009	1	1	-6.642	-999
2009	1	2	-4.667	-999
2009	1	3	-6.433	-999
2009	1	4	-3.525	-999
2009	1	5	-9.146	-999
2009	1	6	-7.8	-999
2009	1	7	-5.929	-999
2009	1	8	-6.092	-999
2009	1	9	-6.724	-999
2009	1	10	-6.306	-999
2009	1	11	-5.348	-999
2009	1	12	-5.938	-999
2009	1	13	-7.24	-999
2009	1	14	-7.172	-999
2009	1	15	-6.692	-999
2009	1	16	-5.329	-999
2009	1	17	-6.273	-999
2009	1	18	-6.79	-999
2009	1	19	-6.933	-999
2009	1	20	-7.085	-999
2009	1	21	-5.15	-999
2009	1	22	-5.69	-999
2009	1	23	-5.472	-999
2009	1	24	-5.324	-999
2009	1	25	-5.079	-999
2009	1	26	-5.636	-999
2009	1	27	-5.609	-999
2009	1	28	-4.944	-999
2009	1	29	-5.985	-999
2009	1	30	-5.752	-999
2009	1	31	-5.839	-999
2009	2	1	-5.686	-999
2009	2	2	-6.149	-999
2009	2	3	-5.486	-999
2009	2	4	-6.585	-999
2009	2	5	-7.086	-999
2009	2	6	-6.747	-999
2009	2	7	-6.646	-999
2009	2	8	-5.964	-999
2009	2	9	-6.086	-999
2009	2	10	-6.148	-999
2009	2	11	-6.104	-999
2009	2	12	-4.875	-999
2009	2	13	-4.241	-999
2009	2	14	-4.044	-999
2009	2	15	-4.648	-999
2009	2	16	-4.792	-999
2009	2	17	-5.363	-999
2009	2	18	-5.282	-999
2009	2	19	-5.509	-999
2009	2	20	-5.089	-999
2009	2	21	-4.723	-999
2009	2	22	-4.294	-999
2009	2	23	-4.081	-999
2009	2	24	-5.157	-999
2009	2	25	-5.708	-999
2009	2	26	-4.664	-999
2009	2	27	-4.545	-999
2009	2	28	-3.978	-999
2009	3	1	-3.698	-999
2009	3	2	-3.733	-999
2009	3	3	-3.492	-999
2009	3	4	-3.517	-999
2009	3	5	-3.165	-999
2009	3	6	-2.487	-999
2009	3	7	-2.058	-999
2009	3	8	-1.508	-999
2009	3	9	-2.266	-999
2009	3	10	-2.332	-999
2009	3	11	-2.329	-999
2009	3	12	-2.165	-999
2009	3	13	-1.282	-999
2009	3	14	-1.336	-999
2009	3	15	-1.833	-999
2009	3	16	-1.481	-999
2009	3	17	-0.942	-999
2009	3	18	-1.005	-999
2009	3	19	-0.816	-999
2009	3	20	-0.024	-999
2009	3	21	0.522	-999
2009	3	22	-0.063	-999
2009	3	23	-0.295	-999
2009	3	24	0.383	-999
2009	3	25	1.24	-999
2009	3	26	0.889	-999
2009	3	27	0.867	-999
2009	3	28	1.022	-999
2009	3	29	0.557	-999
2009	3	30	0.269	-999
2009	3	31	0.959	-999
2009	4	1	0.926	-999
2009	4	2	0.972	-999
2009	4	3	0.881	-999
2009	4	4	1.91	-999
2009	4	5	2.195	-999
2009	4	6	2.538	-999
2009	4	7	2.47	-999
2009	4	8	3.046	-999
2009	4	9	2.844	-999
2009	4	10	2.264	-999
2009	4	11	2.107	-999
2009	4	12	3.225	-999
2009	4	13	3.357	-999
2009	4	14	4.023	-999
2009	4	15	3.56	-999
2009	4	16	3.566	-999
2009	4	17	4.141	-999
2009	4	18	4.339	-999
2009	4	19	4.338	-999
2009	4	20	4.583	-999
2009	4	21	3.808	-999
2009	4	22	3.569	-999
2009	4	23	4.582	-999
2009	4	24	4.724	-999
2009	4	25	4.791	-999
2009	4	26	5.314	-999
2009	4	27	5.795	-999
2009	4	28	6.09	-999
2009	4	29	5.909	-999
2009	4	30	5.401	-999
2009	5	1	5.846	-999
2009	5	2	6.812	-999
2009	5	3	7.703	-999
2009	5	4	6.901	-999
2009	5	5	6.185	-999
2009	5	6	6.097	-999
2009	5	7	6.075	-999
2009	5	8	6.44	-999
2009	5	9	6.602	-999
2009	5	10	7.146	-999
2009	5	11	6.859	-999
2009	5	12	6.876	2.1
2009	5	13	7.346	2.1
2009	5	14	7.972	2.139
2009	5	15	7.984	2.183
2009	5	16	8.7	2.225
2009	5	17	8.814	2.287
2009	5	18	7.986	2.292
2009	5	19	7.48	2.333
2009	5	20	7.638	2.346
2009	5	21	8.778	2.429
2009	5	22	9.534	2.621
2009	5	23	10.112	2.554
2009	5	24	11.156	2.575
2009	5	25	10.932	2.617
2009	5	26	10.056	2.621
2009	5	27	9.714	2.646
2009	5	28	9.034	2.675
2009	5	29	9.883	2.735
2009	5	30	9.734	2.742
2009	5	31	10.746	2.758
2009	6	1	10.138	2.821
2009	6	2	9.701	2.821
2009	6	3	9.753	2.854
2009	6	4	11.193	2.858
2009	6	5	10.873	2.967
2009	6	6	11.304	2.992
2009	6	7	11.858	3.033
2009	6	8	12.164	2.992
2009	6	9	12.48	3.029
2009	6	10	12.115	3.058
2009	6	11	12.242	3.138
2009	6	12	12.382	3.185
2009	6	13	12.783	3.239
2009	6	14	12.957	3.225
2009	6	15	13.241	-999
2009	6	16	13.675	3.3
2009	6	17	13.57	-999
2009	6	18	13.682	-999
2009	6	19	13.838	-999
2009	6	20	14.668	-999
2009	6	21	13.526	-999
2009	6	22	12.535	3.467
2009	6	23	12.789	3.495
2009	6	24	12.778	3.492
2009	6	25	12.585	3.539
2009	6	26	13.473	3.563
2009	6	27	14.33	3.55
2009	6	28	14.046	3.562
2009	6	29	14.078	3.567
2009	6	30	14.396	3.55
2009	7	1	14.337	3.613
2009	7	2	14.534	3.638
2009	7	3	14.484	3.675
2009	7	4	14.349	3.779
2009	7	5	14.394	3.754
2009	7	6	14.751	3.75
2009	7	7	14.735	3.762
2009	7	8	14.387	3.867
2009	7	9	14.547	3.833
2009	7	10	15.778	3.858
2009	7	11	16.059	3.854
2009	7	12	16.038	3.929
2009	7	13	15.483	3.958
2009	7	14	15.251	4.258
2009	7	15	14.967	4.112
2009	7	16	15.441	4.052
2009	7	17	16.547	4.125
2009	7	18	16.683	4.154
2009	7	19	16.978	4.417
2009	7	20	16.814	4.887
2009	7	21	16.43	4.767
2009	7	22	16.546	4.767
2009	7	23	16.285	5.592
2009	7	24	16.682	5.825
2009	7	25	17.699	5.535
2009	7	26	17.364	5.708
2009	7	27	19.3	6.375
2009	7	28	16.775	6.825
2009	7	29	14.575	6.454
2009	7	30	15.796	6.717
2009	7	31	14.23	7.658
2009	8	1	15.383	7.187
2009	8	2	14.471	6.9
2009	8	3	15.908	7.246
2009	8	4	15.721	7.346
2009	8	5	14.871	7.279
2009	8	6	14.571	7.483
2009	8	7	15.675	8.008
2009	8	8	15.096	8.054
2009	8	9	17.267	8.279
2009	8	10	16.788	9.338
2009	8	11	14.026	10.075
2009	8	12	19.071	10.283
2009	8	13	21.746	10.517
2009	8	14	19.404	10.396
2009	8	15	21.037	11.171
2009	8	16	20.387	11.179
2009	8	17	20.279	11.462
2009	8	18	17.537	11.754
2009	8	19	16.546	11.942
2009	8	20	16.058	12.304
2009	8	21	13.579	12.121
2009	8	22	12.183	10.708
2009	8	23	12.254	10.912
2009	8	24	15.437	11.787
2009	8	25	17.471	11.796
2009	8	26	13.442	11.892
2009	8	27	14.083	12.154
2009	8	28	14.579	11.917
2009	8	29	12.621	11.457
2009	8	30	12.242	11.083
2009	8	31	14.2	11.4
2009	9	1	15.967	11.875
2009	9	2	15.829	12.287
2009	9	3	16.45	12.942
2009	9	4	17.008	14.108
2009	9	5	16.788	14.221
2009	9	6	17.858	13.95
2009	9	7	18.725	14.221
2009	9	8	17.196	14.65
2009	9	9	18.221	14.992
2009	9	10	19.012	15.258
2009	9	11	18.808	15.442
2009	9	12	19.108	15.725
2009	9	13	17.329	15.992
2009	9	14	18.088	15.917
2009	9	15	16.887	15.879
2009	9	16	13.979	15.748
2009	9	17	16.012	15.2
2009	9	18	13.908	14.804
2009	9	19	13.538	14.763
2009	9	20	16.996	14.875
2009	9	21	15.333	14.817
2009	9	22	16.45	15.008
2009	9	23	16.279	15.004
2009	9	24	16.087	15.154
2009	9	25	15.575	14.917
2009	9	26	15.771	14.546
2009	9	27	16.117	14.492
2009	9	28	12.762	14.212
2009	9	29	7.142	10.042
2009	9	30	5.854	9.5
2009	10	1	7.296	9.792
2009	10	2	8.058	9.817
2009	10	3	8.675	9.583
2009	10	4	9.287	9.696
2009	10	5	9.35	9.675
2009	10	6	9.2	9.675
2009	10	7	7.758	9.542
2009	10	8	9.838	9.521
2009	10	9	7.313	9.375
2009	10	10	4.725	9.146
2009	10	11	3.804	8.338
2009	10	12	4.204	8.104
2009	10	13	3.821	8.017
2009	10	14	4.05	7.938
2009	10	15	2.321	7.829
2009	10	16	3.154	7.767
2009	10	17	3.987	7.796
2009	10	18	7.067	7.646
2009	10	19	9.6	7.346
2009	10	20	6.862	7.421
2009	10	21	5.371	7.674
2009	10	22	2.85	7.429
2009	10	23	3.571	7.304
2009	10	24	3.492	7.083
2009	10	25	4.508	7.092
2009	10	26	5.608	7.105
2009	10	27	7.15	7.167
2009	10	28	7.321	7.146
2009	10	29	8.092	7.137
2009	10	30	10.138	7.062
2009	10	31	7.313	6.904
2009	11	1	5.196	6.746
2009	11	2	6.521	6.746
2009	11	3	2.988	6.637
2009	11	4	4.688	6.521
2009	11	5	3.412	6.387
2009	11	6	3.829	6.179
2009	11	7	9.079	6.217
2009	11	8	9.613	6.267
2009	11	9	8.021	6.292
2009	11	10	7.358	6.288
2009	11	11	7.004	6.35
2009	11	12	7.329	6.57
2009	11	13	8.129	-999
2009	11	14	7.767	-999
2009	11	15	4.971	-999
2009	11	16	5.371	-999
2009	11	17	5.054	-999
2009	11	18	5.45	-999
2009	11	19	6.475	-999
2009	11	20	6.587	-999
2009	11	21	5.825	-999
2009	11	22	6.963	-999
2009	11	23	7.425	-999
2009	11	24	6.433	-999
2009	11	25	6.379	-999
2009	11	26	3.454	-999
2009	11	27	-0.067	-999
2009	11	28	2.575	-999
2009	11	29	2.104	-999
2009	11	30	2.758	-999
2009	12	1	2.246	-999
2009	12	2	2.767	-999
2009	12	3	-2.404	-999
2009	12	4	-3.287	-999
2009	12	5	-4.071	-999
2009	12	6	-3.958	-999
2009	12	7	-2.975	-999
2009	12	8	-4.537	-999
2009	12	9	-3.171	-999
2009	12	10	-8.646	-999
2009	12	11	-9.896	-999
2009	12	12	-4.717	-999
2009	12	13	-3.596	-999
2009	12	14	-5.9	-999
2009	12	15	-8.421	-999
2009	12	16	-8.833	-999
2009	12	17	-4.992	-999
2009	12	18	-1.004	-999
2009	12	19	-2.696	-999
2009	12	20	-6.242	-999
2009	12	21	-4.258	-999
2009	12	22	-1.821	-999
2009	12	23	-2.358	-999
2009	12	24	-2.296	-999
2009	12	25	1.046	-999
2009	12	26	1.379	-999
2009	12	27	-0.783	-999
2009	12	28	-4.321	-999
2009	12	29	-7.413	-999
2009	12	30	-3.654	-999
2009	12	31	-4.642	-999
2010	1	1	-9.037	-999
2010	1	2	-13.788	-999
2010	1	3	-10.175	-999
2010	1	4	-6.905	-999
2010	1	5	-4.967	-999
2010	1	6	-4.879	-999
2010	1	7	-4.75	-999
2010	1	8	-8.792	-999
2010	1	9	-6.837	-999
2010	1	10	-3.971	-999
2010	1	11	-5.146	-999
2010	1	12	-5.171	-999
2010	1	13	-0.879	-999
2010	1	14	-0.537	-999
2010	1	15	-0.304	-999
2010	1	16	2.338	0.4
2010	1	17	2.021	0.489
2010	1	18	0.487	-0.05
2010	1	19	-4.875	-999
2010	1	20	-4.492	-999
2010	1	21	-1.512	-999
2010	1	22	0.042	-0.021
2010	1	23	0.996	0.75
2010	1	24	2.517	1.121
2010	1	25	2.838	0.908
2010	1	26	-5.733	-999
2010	1	27	-9.338	-999
2010	1	28	-13.837	-999
2010	1	29	-11.675	-999
2010	1	30	-6.65	-999
2010	1	31	-7.692	-999
2010	2	1	-8.367	-999
2010	2	2	-5.862	-999
2010	2	3	-6.437	-999
2010	2	4	-3.046	-999
2010	2	5	-3.1	-999
2010	2	6	-5.392	-999
2010	2	7	-3.904	-999
2010	2	8	-4.525	-999
2010	2	9	-5.212	-999
2010	2	10	-5.638	-999
2010	2	11	-5.45	-999
2010	2	12	-4.371	-999
2010	2	13	-4.096	-999
2010	2	14	-5.008	-999
2010	2	15	-3.863	-999
2010	2	16	-1.942	0.45
2010	2	17	-0.75	1
2010	2	18	-0.758	1.1
2010	2	19	-1.063	0.167
2010	2	20	-0.367	-999
2010	2	21	0.008	-999
2010	2	22	-0.058	-0.3
2010	2	23	-1.104	-999
2010	2	24	-5.292	-999
2010	2	25	-7.179	-999
2010	2	26	-4.242	-999
2010	2	27	-0.875	0.15
2010	2	28	-0.992	0.311
2010	3	1	-2.929	0.1
2010	3	2	-0.658	0.7
2010	3	3	0.387	0.5
2010	3	4	-0.3	0.389
2010	3	5	-0.458	0.86
2010	3	6	3.75	1.571
2010	3	7	3.904	3.121
2010	3	8	4.425	2.35
2010	3	9	3.571	2.738
2010	3	10	4.433	2.312
2010	3	11	3.721	2.408
2010	3	12	4.25	2.925
2010	3	13	4.333	3.175
2010	3	14	6.062	4.579
2010	3	15	5.658	7.2
2010	3	16	4.221	7.842
2010	3	17	4.9	6.004
2010	3	18	6.612	7.662
2010	3	19	3.55	4.242
2010	3	20	-3.071	1.823
2010	3	21	0.767	4.02
2010	3	22	1.963	3.871
2010	3	23	3.092	4.542
2010	3	24	2.762	5.45
2010	3	25	-5.342	5
2010	3	26	-5.987	0.957
2010	3	27	2.163	2.142
2010	3	28	1.442	3.521
2010	3	29	-0.429	2.595
2010	3	30	3.496	6.9
2010	3	31	7.558	9.158
2010	4	1	8.983	11.821
2010	4	2	10.991	-999
2010	4	3	9.508	-999
2010	4	4	7.021	-999
2010	4	5	4.175	-999
2010	4	6	7.617	-999
2010	4	7	3.017	2.825
2010	4	8	-0.188	2.767
2010	4	9	-0.242	2.733
2010	4	10	2.604	2.779
2010	4	11	5.765	2.85
2010	4	12	6.168	2.804
2010	4	13	4.374	2.883
2010	4	14	7.158	2.904
2010	4	15	12.575	2.912
2010	4	16	6.226	2.904
2010	4	17	3.438	2.929
2010	4	18	2.487	2.967
2010	4	19	3.879	2.975
2010	4	20	6.046	2.979
2010	4	21	0.571	3
2010	4	22	1.7	3.037
2010	4	23	6.396	3.054
2010	4	24	8.183	3.092
2010	4	25	6.792	3.125
2010	4	26	5.9	3.121
2010	4	27	3.454	3.133
2010	4	28	4.617	3.133
2010	4	29	6.796	3.1
2010	4	30	7.409	3.2
2010	5	1	11.804	3.238
2010	5	2	11.543	3.25
2010	5	3	9.304	3.267
2010	5	4	6.871	3.317
2010	5	5	6.558	3.325
2010	5	6	3.079	3.3
2010	5	7	2.179	-999
2010	5	8	2.367	-999
2010	5	9	3.267	-999
2010	5	10	5.358	-999
2010	5	11	5.413	-999
2010	5	12	6.667	-999
2010	5	13	6.529	-999
2010	5	14	5.763	-999
2010	5	15	6.242	-999
2010	5	16	9.196	-999
2010	5	17	14.267	-999
2010	5	18	11.679	-999
2010	5	19	13.617	-999
2010	5	20	11.321	-999
2010	5	21	10.554	-999
2010	5	22	13.146	-999
2010	5	23	14.008	-999
2010	5	24	20.162	-999
2010	5	25	21.175	3.704
2010	5	26	17.075	3.754
2010	5	27	13.846	3.754
2010	5	28	11.596	3.779
2010	5	29	12.033	3.8
2010	5	30	15.825	3.8
2010	5	31	13.554	3.85
2010	6	1	15.159	3.929
2010	6	2	9.583	4.071
2010	6	3	11.233	4.571
2010	6	4	13.004	4.496
2010	6	5	8.013	4.179
2010	6	6	7.542	4.125
2010	6	7	8.308	4.571
2010	6	8	12.337	4.692
2010	6	9	11.467	4.438
2010	6	10	10.075	4.35
2010	6	11	9.571	4.704
2010	6	12	10.396	4.708
2010	6	13	11.408	5.138
2010	6	14	10.617	5.479
2010	6	15	12.379	5.708
2010	6	16	10.125	5.342
2010	6	17	14.85	5.796
2010	6	18	17.271	5.846
2010	6	19	17.371	5.608
2010	6	20	12.263	6.592
2010	6	21	15.321	7.467
2010	6	22	14.754	7.492
2010	6	23	14.071	7.871
2010	6	24	13.721	7.4
2010	6	25	15.2	7.558
2010	6	26	12.955	8.4
2010	6	27	12.892	8.088
2010	6	28	11.642	7.45
2010	6	29	10.525	7.288
2010	6	30	11.858	7.383
2010	7	1	14.129	8.275
2010	7	2	16.429	8.238
2010	7	3	20.742	8.133
2010	7	4	21.813	8.292
2010	7	5	19.2	9.421
2010	7	6	16.721	9.317
2010	7	7	18.742	10.583
2010	7	8	18.371	12.079
2010	7	9	19.938	12.746
2010	7	10	20.691	12.942
2010	7	11	20.358	11.792
2010	7	12	15.908	11.967
2010	7	13	16.492	13.662
2010	7	14	18.896	14.221
2010	7	15	19.538	12.092
2010	7	16	20.25	12.688
2010	7	17	18.409	13.275
2010	7	18	17	13.804
2010	7	19	15.854	14.938
2010	7	20	17.033	15.167
2010	7	21	18.342	15.154
2010	7	22	19.408	15.562
2010	7	23	19.05	15.863
2010	7	24	18.143	15.083
2010	7	25	18.521	15.271
2010	7	26	21.567	16.125
2010	7	27	22.483	16.3
2010	7	28	20.417	16.042
2010	7	29	18.014	16.204
2010	7	30	17.992	16.771
2010	7	31	18.725	17.113
2010	8	1	19.842	17.943
2010	8	2	21.748	18.342
2010	8	3	21.279	19.4
2010	8	4	22.263	19.108
2010	8	5	19.708	18.325
2010	8	6	16.504	17.246
2010	8	7	17.446	17.367
2010	8	8	18.308	18.196
2010	8	9	20.117	19.058
2010	8	10	21.296	19.946
2010	8	11	22.525	19.837
2010	8	12	22.325	19.421
2010	8	13	23.108	19.704
2010	8	14	22.004	19.262
2010	8	15	20.438	19.042
2010	8	16	17.229	17.048
2010	8	17	16.171	16.096
2010	8	18	17.096	16.079
2010	8	19	15.962	16.175
2010	8	20	17.304	16.242
2010	8	21	17.592	15.862
2010	8	22	18.13	16.446
2010	8	23	17.883	16.971
2010	8	24	18.992	16.521
2010	8	25	17.079	16.513
2010	8	26	17.212	16.538
2010	8	27	18.908	16.733
2010	8	28	22.537	16.779
2010	8	29	22.158	16.887
2010	8	30	24.238	17.2
2010	8	31	22.817	17.504
2010	9	1	20.435	17.617
2010	9	2	18.104	17.53
2010	9	3	15.5	17.354
2010	9	4	10.258	14.008
2010	9	5	12.433	12.821
2010	9	6	13.983	13.254
2010	9	7	14.479	13.217
2010	9	8	11.729	12.833
2010	9	9	12.517	12.883
2010	9	10	12.3	13.233
2010	9	11	13.95	13.262
2010	9	12	15.896	13.012
2010	9	13	14.442	12.833
2010	9	14	12.067	12.667
2010	9	15	11.637	12.842
2010	9	16	11.05	12.875
2010	9	17	12.792	12.858
2010	9	18	11.804	12.712
2010	9	19	11.604	12.517
2010	9	20	12.15	12.671
2010	9	21	15.738	12.592
2010	9	22	12.454	12.625
2010	9	23	11.842	12.65
2010	9	24	13.533	12.554
2010	9	25	8.621	12.417
2010	9	26	10.933	12.396
2010	9	27	11.775	12.371
2010	9	28	12.046	12.417
2010	9	29	11.383	12.304
2010	9	30	13.008	12.362
2010	10	1	11.321	12.375
2010	10	2	7.304	12.129
2010	10	3	9.492	12.229
2010	10	4	11.067	12.158
2010	10	5	12.583	12.292
2010	10	6	13.7	12.3
2010	10	7	13.954	12.167
2010	10	8	15.479	12.179
2010	10	9	12.479	12.204
2010	10	10	12.658	12.229
2010	10	11	10.379	12.242
2010	10	12	10.017	12.137
2010	10	13	12.117	12.167
2010	10	14	11.917	12.104
2010	10	15	10.188	12.121
2010	10	16	11.367	12.062
2010	10	17	10.175	11.863
2010	10	18	8.542	11.688
2010	10	19	9.188	11.654
2010	10	20	10.437	11.529
2010	10	21	4.938	11.333
2010	10	22	8.146	11.113
2010	10	23	10.292	11.029
2010	10	24	9.792	10.821
2010	10	25	10.525	10.763
2010	10	26	12.692	10.7
2010	10	27	7.662	10.023
2010	10	28	5.342	9.508
2010	10	29	4.462	9.221
2010	10	30	5.483	9.1
2010	10	31	4.433	8.925
2010	11	1	5.625	8.85
2010	11	2	7.579	8.879
2010	11	3	8.233	8.796
2010	11	4	5.342	8.733
2010	11	5	-0.525	8.583
2010	11	6	3.908	8.448
2010	11	7	7.946	8.392
2010	11	8	7.621	8.117
2010	11	9	8.312	8.2
2010	11	10	8.479	8.112
2010	11	11	9.233	7.95
2010	11	12	7.367	7.725
2010	11	13	4.808	7.667
2010	11	14	5.237	7.614
2010	11	15	2.312	-999
2010	11	16	4.583	-999
2010	11	17	5.233	-999
2010	11	18	-1.158	-999
2010	11	19	0.158	-999
2010	11	20	-3.004	-999
2010	11	21	0.212	-999
2010	11	22	4.171	-999
2010	11	23	-0.229	-999
2010	11	24	-1.321	-999
2010	11	25	1.183	-999
2010	11	26	-5.025	-999
2010	11	27	-0.263	-999
2010	11	28	0.154	-999
2010	11	29	4.796	-999
2010	11	30	5.579	-999
2010	12	1	-0.046	-999
2010	12	2	-2.825	-999
2010	12	3	-3.312	-999
2010	12	4	-2.762	-999
2010	12	5	-3.846	-999
2010	12	6	-5.821	-999
2010	12	7	-7.567	-999
2010	12	8	-7.625	-999
2010	12	9	-5.325	-999
2010	12	10	-2.612	-999
2010	12	11	-5.383	-999
2010	12	12	-7.896	-999
2010	12	13	-11.338	-999
2010	12	14	-8.742	-999
2010	12	15	-5.633	-999
2010	12	16	-3.312	-999
2010	12	17	-2.917	-999
2010	12	18	-3.929	-999
2010	12	19	-2.517	-999
2010	12	20	-1.142	-999
2010	12	21	-0.225	-999
2010	12	22	-0.633	-999
2010	12	23	-1.996	-999
2010	12	24	-1.167	-999
2010	12	25	-1.946	-999
2010	12	26	-3.762	-999
2010	12	27	-3.133	-999
2010	12	28	-1.221	-999
2010	12	29	2.75	-999
2010	12	30	3.221	0.553
2010	12	31	2.808	1.667
2011	1	1	-2.188	-999
2011	1	2	-8.158	-999
2011	1	3	-5.783	-999
2011	1	4	-5.421	-999
2011	1	5	-5.037	-999
2011	1	6	-6.267	-999
2011	1	7	-8.296	-999
2011	1	8	-6.142	-999
2011	1	9	-5.258	-999
2011	1	10	-3.467	-999
2011	1	11	-3.383	-999
2011	1	12	-4.342	-999
2011	1	13	-5.583	-999
2011	1	14	-4.592	-999
2011	1	15	-6.642	-999
2011	1	16	-11.408	-999
2011	1	17	-6.6	-999
2011	1	18	-7.483	-999
2011	1	19	-10.067	-999
2011	1	20	-7.779	-999
2011	1	21	-14.733	-999
2011	1	22	-11.7	-999
2011	1	23	-13.375	-999
2011	1	24	-6.867	-999
2011	1	25	-4.775	-999
2011	1	26	-3.938	-999
2011	1	27	-3.838	-999
2011	1	28	-8.15	-999
2011	1	29	-7.617	-999
2011	1	30	-9.317	-999
2011	1	31	-10.104	-999
2011	2	1	-7.825	-999
2011	2	2	-7.212	-999
2011	2	3	-5.275	-999
2011	2	4	-2.042	-999
2011	2	5	-0.15	-999
2011	2	6	-5.033	-999
2011	2	7	-9.988	-999
2011	2	8	-11.329	-999
2011	2	9	-10.446	-999
2011	2	10	-11.7	-999
2011	2	11	-8.025	-999
2011	2	12	-5.713	-999
2011	2	13	-0.171	-999
2011	2	14	-3.379	-999
2011	2	15	-1.154	-999
2011	2	16	2.867	-999
2011	2	17	3.642	-999
2011	2	18	-1.387	-999
2011	2	19	-8.35	-999
2011	2	20	-5.512	-999
2011	2	21	-8.796	-999
2011	2	22	-6.158	-999
2011	2	23	-3.8	-999
2011	2	24	-2.237	-999
2011	2	25	-9.438	-999
2011	2	26	-10.529	-999
2011	2	27	-8.588	-999
2011	2	28	-5.067	-999
2011	3	1	-1.637	-999
2011	3	2	-9.6	-999
2011	3	3	-6.937	-999
2011	3	4	-1.587	-999
2011	3	5	-5.346	-999
2011	3	6	-7.708	-999
2011	3	7	-5.204	-999
2011	3	8	-1.654	-999
2011	3	9	-0.808	-999
2011	3	10	-0.658	-999
2011	3	11	0.129	-999
2011	3	12	-0.329	-999
2011	3	13	-2.083	-999
2011	3	14	-1.346	-999
2011	3	15	2.663	-999
2011	3	16	3.1	-999
2011	3	17	3.938	-999
2011	3	18	-2.708	-999
2011	3	19	-2.946	-999
2011	3	20	0.533	-999
2011	3	21	0.892	-999
2011	3	22	-1.708	-999
2011	3	23	-5.392	-999
2011	3	24	-7.425	-999
2011	3	25	-7.346	-999
2011	3	26	-6.925	-999
2011	3	27	-5.75	-999
2011	3	28	-2.438	-999
2011	3	29	-0.404	-999
2011	3	30	0.079	-999
2011	3	31	0.296	-999
2011	4	1	1.383	-999
2011	4	2	1.55	-999
2011	4	3	2.283	-999
2011	4	4	0.446	-999
2011	4	5	-0.012	-999
2011	4	6	0.413	-999
2011	4	7	2.1	-999
2011	4	8	5.287	-999
2011	4	9	5.917	-999
2011	4	10	5.85	-999
2011	4	11	5.929	-999
2011	4	12	8.004	-999
2011	4	13	5.883	-999
2011	4	14	-2.954	-999
2011	4	15	0.346	-999
2011	4	16	0.95	-999
2011	4	17	-2.654	-999
2011	4	18	-2.9	-999
2011	4	19	-1.021	-999
2011	4	20	1.717	-999
2011	4	21	2.417	-999
2011	4	22	3.446	-999
2011	4	23	1.708	-999
2011	4	24	5.212	-999
2011	4	25	8.079	-999
2011	4	26	3.754	-999
2011	4	27	1.754	-999
2011	4	28	2.238	-999
2011	4	29	5.288	-999
2011	4	30	6.121	-999
2011	5	1	5.854	-999
2011	5	2	1.437	-999
2011	5	3	1.613	-999
2011	5	4	4.812	-999
2011	5	5	8.317	-999
2011	5	6	3.704	-999
2011	5	7	5.458	-999
2011	5	8	6.767	-999
2011	5	9	10.267	-999
2011	5	10	6.483	-999
2011	5	11	8.721	-999
2011	5	12	11.252	-999
2011	5	13	4.621	-999
2011	5	14	4.567	-999
2011	5	15	4.75	-999
2011	5	16	3.421	-999
2011	5	17	5.562	-999
2011	5	18	7.633	-999
2011	5	19	9.246	-999
2011	5	20	9.858	-999
2011	5	21	10.825	-999
2011	5	22	14.174	-999
2011	5	23	10.917	-999
2011	5	24	3.579	-999
2011	5	25	4.122	-999
2011	5	26	3.204	-999
2011	5	27	3.912	-999
2011	5	28	7.8	-999
2011	5	29	10.257	-999
2011	5	30	9.642	-999
2011	5	31	15.492	-999
2011	6	1	10.046	-999
2011	6	2	7.842	-999
2011	6	3	9.171	-999
2011	6	4	16.046	-999
2011	6	5	11.317	-999
2011	6	6	12.487	-999
2011	6	7	10.775	-999
2011	6	8	11.755	-999
2011	6	9	5.075	-999
2011	6	10	5.921	-999
2011	6	11	6.867	-999
2011	6	12	9.637	-999
2011	6	13	12.754	-999
2011	6	14	13.948	-999
2011	6	15	13.267	-999
2011	6	16	12.513	-999
2011	6	17	10.004	-999
2011	6	18	10.263	-999
2011	6	19	9.258	-999
2011	6	20	9.375	-999
2011	6	21	10.287	-999
2011	6	22	8.729	-999
2011	6	23	7.496	-999
2011	6	24	8.187	-999
2011	6	25	13.492	-999
2011	6	26	15.3	-999
2011	6	27	15.522	-999
2011	6	28	9.629	-999
2011	6	29	10.238	-999
2011	6	30	14.404	-999
2011	7	1	16.746	-999
2011	7	2	18.771	-999
2011	7	3	18.508	-999
2011	7	4	17.613	-999
2011	7	5	16.168	-999
2011	7	6	13.579	-999
2011	7	7	16.567	-999
2011	7	8	13.796	-999
2011	7	9	13.774	-999
2011	7	10	20.391	-999
2011	7	11	17.361	-999
2011	7	12	15.867	-999
2011	7	13	10.512	-999
2011	7	14	12.654	5.15
2011	7	15	16.167	4.417
2011	7	16	19.795	5.471
2011	7	17	22.475	5.533
2011	7	18	18.767	6.613
2011	7	19	15.887	7.267
2011	7	20	20.933	6.204
2011	7	21	19.188	5.942
2011	7	22	22.796	6.937
2011	7	23	14.217	7.087
2011	7	24	12.874	6.75
2011	7	25	15.987	7.038
2011	7	26	14.517	7.242
2011	7	27	15.658	7.604
2011	7	28	20.487	8.058
2011	7	29	20.938	8.45
2011	7	30	21.954	9.292
2011	7	31	20.174	9.838
2011	8	1	20.262	10.378
2011	8	2	20.733	11.204
2011	8	3	16.929	10.925
2011	8	4	20.762	11.429
2011	8	5	22.121	12.925
2011	8	6	20.055	14.058
2011	8	7	17.357	13.762
2011	8	8	18.783	14.408
2011	8	9	18.871	14.067
2011	8	10	15.325	11.767
2011	8	11	17.387	11.642
2011	8	12	19.567	12.104
2011	8	13	15.771	12.762
2011	8	14	16.487	14.046
2011	8	15	18.05	14.479
2011	8	16	18.97	15.446
2011	8	17	20.129	13.821
2011	8	18	19.433	13.95
2011	8	19	20.171	14.287
2011	8	20	17.854	14.387
2011	8	21	16.042	14.538
2011	8	22	16.762	14.712
2011	8	23	20.063	14.854
2011	8	24	19.448	14.883
2011	8	25	16.133	14.475
2011	8	26	18.2	14.529
2011	8	27	17.379	14.821
2011	8	28	17.133	15.287
2011	8	29	18.558	15.508
2011	8	30	17.55	15.658
2011	8	31	17.337	15.804
2011	9	1	18.629	15.508
2011	9	2	20.377	15.704
2011	9	3	17.629	15.988
2011	9	4	15.254	15.671
2011	9	5	10.783	14.275
2011	9	6	11.829	14.175
2011	9	7	15.208	14.638
2011	9	8	17.437	15.196
2011	9	9	18.383	15.863
2011	9	10	17.662	15.917
2011	9	11	20.133	15.896
2011	9	12	19.438	15.533
2011	9	13	13.783	14.596
2011	9	14	10.612	13.704
2011	9	15	8.05	12.433
2011	9	16	10.442	12.117
2011	9	17	12.792	12.487
2011	9	18	13.9	12.608
2011	9	19	14.658	12.578
2011	9	20	15.712	12.7
2011	9	21	14.833	12.787
2011	9	22	10.721	12.712
2011	9	23	11.496	12.725
2011	9	24	12.608	12.737
2011	9	25	13.312	12.813
2011	9	26	14.892	12.979
2011	9	27	15.004	13.104
2011	9	28	13.612	13.15
2011	9	29	13.387	13.083
2011	9	30	7.483	11.178
2011	10	1	6.737	10.021
2011	10	2	10.55	10.075
2011	10	3	11.737	10.496
2011	10	4	13.996	10.938
2011	10	5	14.038	10.854
2011	10	6	14.188	10.842
2011	10	7	16.075	10.967
2011	10	8	18.629	11.075
2011	10	9	17.508	11.2
2011	10	10	13.992	11.287
2011	10	11	16.004	11.342
2011	10	12	15.008	11.454
2011	10	13	14.158	11.513
2011	10	14	10.85	11.422
2011	10	15	7.533	9.823
2011	10	16	8.771	8.513
2011	10	17	6.921	7.939
2011	10	18	5.904	6.922
2011	10	19	6.1	6.092
2011	10	20	5.75	6.413
2011	10	21	5.433	6.287
2011	10	22	7.646	6.362
2011	10	23	7.708	6.608
2011	10	24	7.158	6.6
2011	10	25	5.604	6.458
2011	10	26	5.55	6.633
2011	10	27	4.45	6.808
2011	10	28	5.587	6.763
2011	10	29	6.137	6.692
2011	10	30	6.817	6.838
2011	10	31	7.354	6.808
2011	11	1	7.992	6.962
2011	11	2	7.933	-999
2011	11	3	6.517	-999
2011	11	4	7.258	-999
2011	11	5	7.475	-999
2011	11	6	9.046	-999
2011	11	7	8.362	-999
2011	11	8	5.287	-999
2011	11	9	3.692	-999
2011	11	10	1.575	-999
2011	11	11	1.979	-999
2011	11	12	5.567	-999
2011	11	13	7.967	-999
2011	11	14	6.567	-999
2011	11	15	5.742	-999
2011	11	16	2.746	-999
2011	11	17	-0.504	-999
2011	11	18	-0.45	-999
2011	11	19	3.396	-999
2011	11	20	-2.871	-999
2011	11	21	-1.713	-999
2011	11	22	1.954	-999
2011	11	23	3.608	-999
2011	11	24	6.158	-999
2011	11	25	6.921	-999
2011	11	26	5.908	-999
2011	11	27	1.742	-999
2011	11	28	0.2	-999
2011	11	29	1.192	-999
2011	11	30	1.158	-999
2011	12	1	-0.292	-999
2011	12	2	-3.5	-999
2011	12	3	1.983	-999
2011	12	4	0.633	-999
2011	12	5	-4.525	-999
2011	12	6	-5.154	-999
2011	12	7	-2.371	-999
2011	12	8	-2.767	-999
2011	12	9	-6.471	-999
2011	12	10	-5.762	-999
2011	12	11	-0.125	-999
2011	12	12	4.142	-999
2011	12	13	1.625	-999
2011	12	14	3.146	-999
2011	12	15	2.6	-999
2011	12	16	-5.229	-999
2011	12	17	-5.487	-999
2011	12	18	-0.575	-999
2011	12	19	0.721	-999
2011	12	20	-1.55	-999
2011	12	21	1.25	-999
2011	12	22	-1.771	-999
2011	12	23	-4.529	-999
2011	12	24	-2.004	-999
2011	12	25	0.85	-999
2011	12	26	2.758	-999
2011	12	27	0.167	-999
2011	12	28	-9.733	-999
2011	12	29	-2.471	-999
2011	12	30	-0.071	-999
2011	12	31	1.008	-999