2006	1	1	0.067	3.560
2006	1	2	-0.175	3.510
2006	1	3	0.700	3.500
2006	1	4	1.508	3.470
2006	1	5	-2.125	3.440
2006	1	6	-5.017	3.420
2006	1	7	-0.579	3.410
2006	1	8	-1.775	3.410
2006	1	9	-0.730	3.410
2006	1	10	-1.717	3.410
2006	1	11	0.413	3.390
2006	1	12	2.850	3.350
2006	1	13	1.267	3.340
2006	1	14	-3.979	3.320
2006	1	15	-3.342	3.310
2006	1	16	-3.317	3.290
2006	1	17	-1.596	3.250
2006	1	18	-3.426	3.270
2006	1	19	-4.913	3.210
2006	1	20	-1.396	3.170
2006	1	21	-3.829	3.130
2006	1	22	-0.442	3.140
2006	1	23	-1.775	3.180
2006	1	24	0.017	3.200
2006	1	25	-4.571	3.210
2006	1	26	-1.921	3.240
2006	1	27	3.438	3.320
2006	1	28	2.671	3.300
2006	1	29	0.238	3.230
2006	1	30	-4.362	3.120
2006	1	31	-3.546	3.030
2006	2	1	0.129	2.990
2006	2	2	0.325	2.960
2006	2	3	1.258	2.930
2006	2	4	-3.546	2.880
2006	2	5	-5.837	2.800
2006	2	6	-5.925	2.690
2006	2	7	-5.612	2.600
2006	2	8	-6.142	2.580
2006	2	9	-5.604	2.570
2006	2	10	-3.265	2.560
2006	2	11	-2.212	2.520
2006	2	12	-4.717	2.500
2006	2	13	-5.150	2.440
2006	2	14	-2.729	2.400
2006	2	15	-6.458	2.370
2006	2	16	-8.158	2.320
2006	2	17	-10.262	2.210
2006	2	18	-14.792	2.120
2006	2	19	-8.342	1.950
2006	2	20	-5.208	1.860
2006	2	21	-5.675	1.690
2006	2	22	-3.542	1.640
2006	2	23	-3.704	1.640
2006	2	24	-5.400	1.610
2006	2	25	-6.108	1.570
2006	2	26	-8.200	1.540
2006	2	27	-7.725	1.520
2006	2	28	-8.650	1.500
2006	3	1	-5.529	1.490
2006	3	2	-4.613	1.510
2006	3	3	-5.200	1.530
2006	3	4	-3.917	1.550
2006	3	5	-2.004	1.540
2006	3	6	0.079	1.550
2006	3	7	0.175	1.590
2006	3	8	1.442	1.670
2006	3	9	1.729	1.720
2006	3	10	1.542	1.750
2006	3	11	3.021	1.790
2006	3	12	4.013	1.820
2006	3	13	1.250	1.820
2006	3	14	-3.804	1.760
2006	3	15	-2.875	1.740
2006	3	16	-3.287	1.760
2006	3	17	-4.742	1.770
2006	3	18	-4.142	1.800
2006	3	19	-2.054	1.870
2006	3	20	-2.912	1.890
2006	3	21	-4.067	1.900
2006	3	22	-1.100	1.940
2006	3	23	-0.842	2.010
2006	3	24	0.246	2.060
2006	3	25	0.750	2.100
2006	3	26	1.283	2.130
2006	3	27	2.387	2.180
2006	3	28	3.083	2.160
2006	3	29	4.425	2.150
2006	3	30	4.979	2.190
2006	3	31	6.904	2.280
2006	4	1	1.246	2.320
2006	4	2	1.471	2.330
2006	4	3	1.654	2.340
2006	4	4	-0.650	2.320
2006	4	5	2.971	2.320
2006	4	6	5.963	2.340
2006	4	7	0.262	2.360
2006	4	8	-0.254	2.420
2006	4	9	3.075	2.500
2006	4	10	5.552	2.610
2006	4	11	7.254	2.780
2006	4	12	8.363	2.830
2006	4	13	7.596	2.730
2006	4	14	7.617	2.550
2006	4	15	4.946	2.620
2006	4	16	2.913	2.840
2006	4	17	4.450	3.070
2006	4	18	5.370	3.240
2006	4	19	8.100	3.290
2006	4	20	9.537	3.270
2006	4	21	10.091	3.240
2006	4	22	6.175	3.160
2006	4	23	4.225	3.080
2006	4	24	5.100	3.040
2006	4	25	2.517	3.100
2006	4	26	5.708	3.200
2006	4	27	2.646	3.230
2006	4	28	2.050	3.290
2006	4	29	5.825	3.320
2006	4	30	6.637	3.320
2006	5	1	8.854	3.370
2006	5	2	10.109	3.460
2006	5	3	10.337	3.530
2006	5	4	7.492	3.450
2006	5	5	2.596	3.290
2006	5	6	3.454	3.240
2006	5	7	4.104	3.420
2006	5	8	8.825	3.490
2006	5	9	10.600	3.520
2006	5	10	8.321	3.610
2006	5	11	2.475	3.690
2006	5	12	3.346	3.780
2006	5	13	5.742	3.880
2006	5	14	7.738	3.990
2006	5	15	7.721	4.060
2006	5	16	8.229	4.180
2006	5	17	8.479	4.160
2006	5	18	4.925	4.040
2006	5	19	5.583	4.010
2006	5	20	8.158	4.010
2006	5	21	2.996	4.050
2006	5	22	4.279	4.140
2006	5	23	9.992	4.450
2006	5	24	13.243	4.930
2006	5	25	10.774	5.680
2006	5	26	7.404	6.020
2006	5	27	8.567	6.170
2006	5	28	16.517	6.950
2006	5	29	19.642	7.970
2006	5	30	17.617	7.870
2006	5	31	13.838	7.190
2006	6	1	13.192	7.050
2006	6	2	10.717	7.150
2006	6	3	8.271	7.220
2006	6	4	12.992	7.300
2006	6	5	15.242	7.400
2006	6	6	16.379	7.400
2006	6	7	11.067	7.270
2006	6	8	8.204	7.160
2006	6	9	6.888	7.010
2006	6	10	7.304	6.890
2006	6	11	8.229	7.010
2006	6	12	9.033	7.360
2006	6	13	10.396	7.620
2006	6	14	10.262	7.880
2006	6	15	13.646	8.030
2006	6	16	19.150	8.370
2006	6	17	22.075	8.800
2006	6	18	19.396	8.980
2006	6	19	15.433	9.180
2006	6	20	14.429	9.420
2006	6	21	16.204	9.790
2006	6	22	12.892	9.750
2006	6	23	13.942	9.890
2006	6	24	14.800	10.840
2006	6	25	11.788	11.620
2006	6	26	14.842	11.960
2006	6	27	13.562	12.220
2006	6	28	12.179	12.540
2006	6	29	16.196	12.800
2006	6	30	16.729	13.210
2006	7	1	18.704	13.070
2006	7	2	16.975	12.760
2006	7	3	19.375	12.700
2006	7	4	14.450	12.590
2006	7	5	14.350	12.750
2006	7	6	17.892	13.110
2006	7	7	21.150	13.460
2006	7	8	20.404	13.750
2006	7	9	16.025	13.970
2006	7	10	9.550	14.090
2006	7	11	12.496	14.890
2006	7	12	15.779	15.960
2006	7	13	21.208	16.710
2006	7	14	20.658	16.890
2006	7	15	22.567	16.980
2006	7	16	23.717	17.100
2006	7	17	21.046	16.860
2006	7	18	18.304	16.720
2006	7	19	19.371	16.840
2006	7	20	20.229	16.930
2006	7	21	15.675	17.160
2006	7	22	15.996	17.330
2006	7	23	16.517	17.520
2006	7	24	18.065	17.780
2006	7	25	20.979	18.020
2006	7	26	19.762	18.350
2006	7	27	20.371	18.670
2006	7	28	22.667	18.940
2006	7	29	17.771	18.680
2006	7	30	16.883	18.550
2006	7	31	21.592	18.860
2006	8	1	23.254	19.080
2006	8	2	19.721	19.120
2006	8	3	20.542	19.130
2006	8	4	19.963	19.090
2006	8	5	20.567	18.930
2006	8	6	21.517	18.640
2006	8	7	19.183	18.450
2006	8	8	19.108	18.460
2006	8	9	19.943	18.410
2006	8	10	16.996	18.020
2006	8	11	14.850	17.660
2006	8	12	16.396	17.550
2006	8	13	19.021	17.440
2006	8	14	19.696	17.200
2006	8	15	17.742	17.040
2006	8	16	18.725	17.120
2006	8	17	19.426	17.430
2006	8	18	19.146	17.630
2006	8	19	16.946	17.670
2006	8	20	16.738	17.750
2006	8	21	19.574	17.880
2006	8	22	17.746	17.930
2006	8	23	17.004	17.930
2006	8	24	16.271	17.830
2006	8	25	16.146	17.760
2006	8	26	17.025	17.740
2006	8	27	17.308	17.770
2006	8	28	18.900	17.660
2006	8	29	16.788	17.390
2006	8	30	15.271	17.310
2006	8	31	16.262	17.320
2006	9	1	16.904	17.290
2006	9	2	17.583	17.360
2006	9	3	17.621	17.540
2006	9	4	18.088	17.820
2006	9	5	18.321	17.920
2006	9	6	15.633	17.690
2006	9	7	18.650	17.430
2006	9	8	13.767	17.140
2006	9	9	10.821	16.710
2006	9	10	12.450	16.450
2006	9	11	13.796	16.310
2006	9	12	14.617	16.210
2006	9	13	14.633	16.150
2006	9	14	16.067	16.200
2006	9	15	16.904	16.240
2006	9	16	17.063	16.170
2006	9	17	18.392	16.060
2006	9	18	14.637	15.920
2006	9	19	10.583	15.640
2006	9	20	9.437	15.280
2006	9	21	12.746	15.070
2006	9	22	14.017	14.940
2006	9	23	13.725	14.650
2006	9	24	9.854	14.320
2006	9	25	12.429	14.030
2006	9	26	12.991	13.840
2006	9	27	11.229	13.680
2006	9	28	8.558	13.420
2006	9	29	8.967	13.200
2006	9	30	10.246	13.090
2006	10	1	10.567	13.070
2006	10	2	13.874	13.130
2006	10	3	13.404	13.130
2006	10	4	10.967	13.030
2006	10	5	10.858	12.940
2006	10	6	11.963	12.840
2006	10	7	12.896	12.760
2006	10	8	14.867	12.610
2006	10	9	8.808	12.350
2006	10	10	7.654	12.050
2006	10	11	7.600	11.880
2006	10	12	0.808	11.480
2006	10	13	2.591	10.720
2006	10	14	3.679	9.970
2006	10	15	6.212	9.510
2006	10	16	8.339	9.340
2006	10	17	8.571	9.260
2006	10	18	7.421	9.130
2006	10	19	4.600	8.780
2006	10	20	3.796	8.470
2006	10	21	3.929	8.250
2006	10	22	3.250	8.150
2006	10	23	2.988	8.070
2006	10	24	3.335	8.020
2006	10	25	4.212	8.000
2006	10	26	4.858	7.990
2006	10	27	6.483	8.030
2006	10	28	5.667	7.890
2006	10	29	3.921	7.750
2006	10	30	5.812	7.700
2006	10	31	5.392	7.580
2006	11	1	0.458	7.400
2006	11	2	0.183	7.120
2006	11	3	0.762	6.840
2006	11	4	1.967	6.710
2006	11	5	5.508	6.670
2006	11	6	8.092	6.700
2006	11	7	8.279	6.690
2006	11	8	8.067	6.590
2006	11	9	7.821	6.480
2006	11	10	1.938	6.400
2006	11	11	0.037	6.330
2006	11	12	1.412	6.230
2006	11	13	4.054	6.100
2006	11	14	3.754	5.990
2006	11	15	4.183	5.880
2006	11	16	2.417	5.830
2006	11	17	1.529	5.750
2006	11	18	2.221	5.730
2006	11	19	1.658	5.710
2006	11	20	0.696	5.730
2006	11	21	5.263	5.830
2006	11	22	6.525	5.910
2006	11	23	6.550	5.860
2006	11	24	5.875	5.720
2006	11	25	6.358	5.610
2006	11	26	4.354	5.610
2006	11	27	2.400	5.610
2006	11	28	2.500	5.590
2006	11	29	5.992	5.530
2006	11	30	-5.133	5.410
2006	12	1	-3.358	5.300
2006	12	2	-2.775	5.170
2006	12	3	-4.292	4.800
2006	12	4	-5.771	4.670
2006	12	5	-4.975	4.540
2006	12	6	-4.942	4.440
2006	12	7	-8.354	4.400
2006	12	8	-4.179	4.400
2006	12	9	1.633	4.420
2006	12	10	4.867	4.450
2006	12	11	3.613	4.450
2006	12	12	4.592	4.430
2006	12	13	4.704	4.410
2006	12	14	3.404	4.360
2006	12	15	2.363	4.340
2006	12	16	2.454	4.310
2006	12	17	3.146	4.300
2006	12	18	-1.596	4.330
2006	12	19	0.650	4.380
2006	12	20	4.275	4.380
2006	12	21	2.250	4.350
2006	12	22	2.675	4.260
2006	12	23	2.696	4.160
2006	12	24	2.208	4.110
2006	12	25	1.750	4.100
2006	12	26	-4.583	4.080
2006	12	27	-0.896	4.070
2006	12	28	-3.104	4.050
2006	12	29	-0.308	4.060
2006	12	30	1.479	4.120
2006	12	31	1.708	4.170
2007	1	1	1.792	4.180
2007	1	2	1.700	4.150
2007	1	3	3.371	4.120
2007	1	4	4.839	4.110
2007	1	5	3.638	4.100
2007	1	6	1.563	4.070
2007	1	7	1.704	4.020
2007	1	8	-1.517	3.990
2007	1	9	-6.346	3.930
2007	1	10	-7.629	3.830
2007	1	11	0.722	3.720
2007	1	12	-4.861	3.530
2007	1	13	-9.037	3.240
2007	1	14	-6.300	3.180
2007	1	15	-7.879	3.160
2007	1	16	-9.321	3.140
2007	1	17	-4.829	3.150
2007	1	18	-2.954	3.120
2007	1	19	-6.604	3.080
2007	1	20	-8.033	3.050
2007	1	21	-3.363	3.030
2007	1	22	-1.738	3.030
2007	1	23	-3.592	3.030
2007	1	24	-8.338	2.970
2007	1	25	-11.258	2.900
2007	1	26	-6.317	2.840
2007	1	27	-3.613	2.790
2007	1	28	-9.763	2.700
2007	1	29	-7.871	2.520
2007	1	30	-8.017	2.430
2007	1	31	-7.458	2.380
2007	2	1	-6.439	2.310
2007	2	2	-10.808	2.240
2007	2	3	-15.783	2.120
2007	2	4	-19.642	2.020
2007	2	5	-15.150	1.960
2007	2	6	-14.538	1.910
2007	2	7	-10.792	1.770
2007	2	8	-9.939	1.700
2007	2	9	-10.321	1.660
2007	2	10	-10.679	1.620
2007	2	11	-8.475	1.570
2007	2	12	-11.529	1.520
2007	2	13	-11.004	1.440
2007	2	14	-10.886	1.390
2007	2	15	-10.654	1.330
2007	2	16	-7.325	1.310
2007	2	17	-6.313	1.310
2007	2	18	-10.321	1.270
2007	2	19	-5.267	1.210
2007	2	20	-2.163	1.190
2007	2	21	0.396	1.180
2007	2	22	-3.242	1.220
2007	2	23	-8.213	1.220
2007	2	24	-5.683	1.210
2007	2	25	-2.825	1.230
2007	2	26	-2.421	1.250
2007	2	27	-1.671	1.240
2007	2	28	-1.104	1.220
2007	3	1	-1.675	1.240
2007	3	2	-3.133	1.220
2007	3	3	-5.913	1.180
2007	3	4	-2.921	1.170
2007	3	5	-11.258	1.140
2007	3	6	-12.333	1.150
2007	3	7	-9.004	1.190
2007	3	8	-4.821	1.240
2007	3	9	-0.108	1.280
2007	3	10	1.637	1.330
2007	3	11	2.604	1.340
2007	3	12	5.096	1.380
2007	3	13	6.396	1.430
2007	3	14	3.404	1.370
2007	3	15	-8.704	1.280
2007	3	16	-5.462	1.240
2007	3	17	-3.667	1.220
2007	3	18	-1.429	1.260
2007	3	19	-0.583	1.310
2007	3	20	-8.514	1.390
2007	3	21	0.496	1.510
2007	3	22	2.383	1.630
2007	3	23	3.500	1.760
2007	3	24	5.174	1.940
2007	3	25	5.517	2.090
2007	3	26	7.871	2.090
2007	3	27	3.854	2.030
2007	3	28	2.067	1.980
2007	3	29	3.317	1.950
2007	3	30	1.883	1.900
2007	3	31	2.129	1.860
2007	4	1	2.879	1.830
2007	4	2	2.737	1.780
2007	4	3	1.591	1.730
2007	4	4	-3.963	1.650
2007	4	5	-7.529	1.620
2007	4	6	-7.758	1.610
2007	4	7	-6.192	1.590
2007	4	8	-3.950	1.560
2007	4	9	-2.646	1.560
2007	4	10	-1.783	1.630
2007	4	11	-0.242	1.710
2007	4	12	-0.421	1.760
2007	4	13	0.713	1.790
2007	4	14	2.450	1.880
2007	4	15	1.883	1.970
2007	4	16	3.392	2.010
2007	4	17	4.408	2.040
2007	4	18	3.600	2.080
2007	4	19	4.621	2.140
2007	4	20	7.217	2.210
2007	4	21	10.550	2.220
2007	4	22	12.579	2.300
2007	4	23	5.800	2.290
2007	4	24	4.550	2.210
2007	4	25	3.812	2.210
2007	4	26	4.192	2.340
2007	4	27	5.904	2.450
2007	4	28	8.913	2.520
2007	4	29	12.788	2.610
2007	4	30	6.008	2.590
2007	5	1	4.829	2.670
2007	5	2	4.233	2.740
2007	5	3	5.879	2.820
2007	5	4	7.925	2.930
2007	5	5	6.596	2.990
2007	5	6	8.375	3.050
2007	5	7	9.479	3.230
2007	5	8	12.179	3.430
2007	5	9	14.446	3.490
2007	5	10	15.529	3.600
2007	5	11	5.375	3.520
2007	5	12	4.829	3.370
2007	5	13	8.029	3.310
2007	5	14	10.129	3.470
2007	5	15	5.383	3.460
2007	5	16	3.600	3.320
2007	5	17	6.037	3.260
2007	5	18	13.037	3.270
2007	5	19	8.367	3.340
2007	5	20	1.379	3.440
2007	5	21	4.325	3.620
2007	5	22	10.583	3.890
2007	5	23	16.950	3.970
2007	5	24	17.679	3.930
2007	5	25	7.987	3.780
2007	5	26	7.904	3.730
2007	5	27	7.700	3.910
2007	5	28	8.450	4.160
2007	5	29	13.546	4.410
2007	5	30	19.137	4.760
2007	5	31	17.670	5.000
2007	6	1	11.425	5.150
2007	6	2	7.846	5.130
2007	6	3	8.113	5.130
2007	6	4	8.162	5.060
2007	6	5	5.621	4.970
2007	6	6	7.921	5.080
2007	6	7	10.575	5.430
2007	6	8	12.525	5.350
2007	6	9	14.962	5.470
2007	6	10	16.375	5.980
2007	6	11	16.213	6.370
2007	6	12	19.583	6.760
2007	6	13	19.921	6.940
2007	6	14	17.654	7.310
2007	6	15	20.022	7.590
2007	6	16	16.213	7.600
2007	6	17	14.879	7.360
2007	6	18	16.508	7.110
2007	6	19	13.848	6.680
2007	6	20	13.183	6.330
2007	6	21	13.436	6.200
2007	6	22	10.825	6.360
2007	6	23	14.962	6.680
2007	6	24	16.067	7.000
2007	6	25	17.262	7.090
2007	6	26	19.163	7.040
2007	6	27	17.258	6.900
2007	6	28	7.900	7.230
2007	6	29	10.067	7.290
2007	6	30	10.075	7.430
2007	7	1	9.733	7.580
2007	7	2	11.512	7.860
2007	7	3	14.126	8.310
2007	7	4	12.700	8.800
2007	7	5	16.779	9.050
2007	7	6	14.112	9.280
2007	7	7	20.554	9.510
2007	7	8	16.796	9.820
2007	7	9	15.171	10.170
2007	7	10	15.821	9.770
2007	7	11	12.904	8.920
2007	7	12	12.108	8.550
2007	7	13	12.257	8.550
2007	7	14	11.237	8.820
2007	7	15	12.917	9.060
2007	7	16	14.421	9.800
2007	7	17	17.578	10.900
2007	7	18	15.083	11.550
2007	7	19	11.862	11.370
2007	7	20	11.567	11.280
2007	7	21	15.422	11.780
2007	7	22	17.075	12.770
2007	7	23	19.548	14.110
2007	7	24	18.971	15.380
2007	7	25	20.017	15.970
2007	7	26	19.562	16.050
2007	7	27	16.421	16.050
2007	7	28	17.388	16.420
2007	7	29	20.026	16.700
2007	7	30	22.171	16.950
2007	7	31	21.775	17.200
2007	8	1	23.246	16.970
2007	8	2	21.375	16.440
2007	8	3	18.287	16.120
2007	8	4	18.521	16.040
2007	8	5	18.125	16.080
2007	8	6	18.321	16.200
2007	8	7	17.642	16.480
2007	8	8	17.175	16.830
2007	8	9	17.079	17.020
2007	8	10	18.039	17.230
2007	8	11	19.117	17.300
2007	8	12	20.412	17.030
2007	8	13	17.496	16.820
2007	8	14	18.232	16.600
2007	8	15	16.829	16.310
2007	8	16	16.025	15.990
2007	8	17	14.967	15.500
2007	8	18	13.163	15.220
2007	8	19	13.200	15.110
2007	8	20	14.775	15.130
2007	8	21	15.896	15.160
2007	8	22	17.758	15.310
2007	8	23	18.763	15.480
2007	8	24	17.175	15.640
2007	8	25	16.039	15.790
2007	8	26	16.379	15.910
2007	8	27	18.550	16.080
2007	8	28	18.500	16.130
2007	8	29	15.838	16.130
2007	8	30	16.958	16.140
2007	8	31	16.471	16.150
2007	9	1	16.104	16.190
2007	9	2	20.304	16.230
2007	9	3	17.683	16.200
2007	9	4	15.229	16.290
2007	9	5	18.471	16.530
2007	9	6	23.517	16.590
2007	9	7	19.479	16.180
2007	9	8	14.658	15.750
2007	9	9	13.125	15.490
2007	9	10	12.046	15.140
2007	9	11	12.117	14.580
2007	9	12	7.667	13.620
2007	9	13	11.443	12.900
2007	9	14	9.521	12.420
2007	9	15	7.512	12.130
2007	9	16	11.565	12.050
2007	9	17	14.042	12.100
2007	9	18	16.352	12.060
2007	9	19	16.967	12.010
2007	9	20	11.274	11.920
2007	9	21	15.038	11.900
2007	9	22	14.226	11.940
2007	9	23	16.283	12.250
2007	9	24	16.696	12.620
2007	9	25	17.046	12.500
2007	9	26	10.352	12.060
2007	9	27	11.058	11.870
2007	9	28	11.233	11.830
2007	9	29	12.087	11.870
2007	9	30	15.504	11.810
2007	10	1	14.163	11.670
2007	10	2	12.871	11.730
2007	10	3	14.083	11.840
2007	10	4	15.317	11.880
2007	10	5	12.683	11.890
2007	10	6	11.021	12.020
2007	10	7	15.163	12.240
2007	10	8	13.646	11.760
2007	10	9	10.583	11.190
2007	10	10	7.987	10.880
2007	10	11	5.225	10.550
2007	10	12	4.792	10.310
2007	10	13	6.938	10.190
2007	10	14	8.346	10.170
2007	10	15	8.379	10.160
2007	10	16	8.446	10.140
2007	10	17	10.996	10.100
2007	10	18	11.583	9.980
2007	10	19	12.650	9.870
2007	10	20	11.179	9.810
2007	10	21	11.904	9.810
2007	10	22	8.512	9.810
2007	10	23	8.325	9.800
2007	10	24	4.900	9.670
2007	10	25	5.408	9.610
2007	10	26	8.400	9.570
2007	10	27	6.854	9.420
2007	10	28	4.217	9.230
2007	10	29	8.838	9.120
2007	10	30	9.204	9.050
2007	10	31	10.392	8.850
2007	11	1	3.892	8.590
2007	11	2	7.462	8.430
2007	11	3	7.261	8.340
2007	11	4	6.208	8.290
2007	11	5	5.133	8.240
2007	11	6	1.513	8.160
2007	11	7	-0.008	8.010
2007	11	8	1.608	7.810
2007	11	9	3.642	7.630
2007	11	10	3.817	7.490
2007	11	11	6.421	7.400
2007	11	12	7.404	7.340
2007	11	13	8.158	7.250
2007	11	14	7.721	7.130
2007	11	15	0.450	7.010
2007	11	16	0.387	6.930
2007	11	17	-0.488	6.910
2007	11	18	0.854	6.890
2007	11	19	4.296	6.820
2007	11	20	4.488	6.690
2007	11	21	0.383	6.530
2007	11	22	-4.071	6.380
2007	11	23	-2.808	6.220
2007	11	24	0.142	6.160
2007	11	25	3.017	6.130
2007	11	26	0.458	6.060
2007	11	27	-4.788	5.980
2007	11	28	-3.837	5.930
2007	11	29	-4.733	5.780
2007	11	30	-8.804	5.560
2007	12	1	-8.108	5.130
2007	12	2	-1.042	5.000
2007	12	3	-5.225	4.850
2007	12	4	-5.675	4.770
2007	12	5	-8.441	4.700
2007	12	6	-6.167	4.520
2007	12	7	-4.354	4.350
2007	12	8	-7.800	4.270
2007	12	9	-6.396	4.220
2007	12	10	-4.692	4.180
2007	12	11	-2.392	4.150
2007	12	12	-4.937	4.130
2007	12	13	-1.283	4.110
2007	12	14	-7.812	4.080
2007	12	15	-5.750	4.000
2007	12	16	-3.358	3.970
2007	12	17	-5.079	3.950
2007	12	18	-0.654	3.940
2007	12	19	-0.504	3.940
2007	12	20	0.025	3.940
2007	12	21	2.508	3.930
2007	12	22	2.950	3.930
2007	12	23	2.538	3.910
2007	12	24	-3.537	3.900
2007	12	25	-1.363	3.870
2007	12	26	0.163	3.810
2007	12	27	-1.463	3.710
2007	12	28	-3.646	3.560
2007	12	29	-2.400	3.490
2007	12	30	-3.233	3.440
2007	12	31	-2.567	3.400
2008	1	1	-2.650	3.370
2008	1	2	-7.029	3.350
2008	1	3	-5.333	3.340
2008	1	4	-1.954	3.320
2008	1	5	-0.433	3.320
2008	1	6	3.504	3.320
2008	1	7	3.975	3.310
2008	1	8	2.800	3.300
2008	1	9	-0.071	3.310
2008	1	10	-0.292	3.320
2008	1	11	0.096	3.310
2008	1	12	-2.462	3.300
2008	1	13	-1.096	3.280
2008	1	14	-2.204	3.250
2008	1	15	-5.300	3.140
2008	1	16	-2.529	3.070
2008	1	17	-2.067	2.980
2008	1	18	-7.425	2.910
2008	1	19	-14.529	2.840
2008	1	20	-14.783	2.720
2008	1	21	-11.483	2.650
2008	1	22	-9.617	2.560
2008	1	23	-12.617	2.420
2008	1	24	-11.208	2.340
2008	1	25	-6.487	2.280
2008	1	26	-4.033	2.240
2008	1	27	-2.812	2.220
2008	1	28	1.054	2.130
2008	1	29	1.217	2.050
2008	1	30	-13.775	2.030
2008	1	31	-12.258	2.010
2008	2	1	-5.150	2.000
2008	2	2	-1.633	1.990
2008	2	3	-0.887	1.960
2008	2	4	-0.750	1.920
2008	2	5	-0.263	1.880
2008	2	6	-7.008	1.840
2008	2	7	-5.871	1.810
2008	2	8	-2.217	1.800
2008	2	9	-2.088	1.790
2008	2	10	-15.242	1.760
2008	2	11	-13.179	1.620
2008	2	12	-9.208	1.540
2008	2	13	-7.550	1.490
2008	2	14	-9.042	1.390
2008	2	15	-12.296	1.340
2008	2	16	-8.896	1.290
2008	2	17	-1.888	1.220
2008	2	18	-7.067	1.180
2008	2	19	-10.904	1.160
2008	2	20	-12.142	1.150
2008	2	21	-10.237	1.160
2008	2	22	-6.771	1.170
2008	2	23	-5.321	1.170
2008	2	24	-2.117	1.160
2008	2	25	-0.042	1.140
2008	2	26	-5.908	1.100
2008	2	27	-10.067	1.090
2008	2	28	-8.071	1.060
2008	2	29	-4.287	0.990
2008	3	1	-4.371	0.940
2008	3	2	-1.971	0.930
2008	3	3	-2.758	0.900
2008	3	4	-9.608	0.870
2008	3	5	-4.967	0.830
2008	3	6	-6.771	0.780
2008	3	7	-12.329	0.780
2008	3	8	-10.700	0.780
2008	3	9	-7.479	0.760
2008	3	10	-5.571	0.810
2008	3	11	-0.004	0.840
2008	3	12	-3.537	0.850
2008	3	13	-0.996	0.860
2008	3	14	2.008	0.870
2008	3	15	-5.004	0.870
2008	3	16	-5.433	0.890
2008	3	17	-2.075	0.910
2008	3	18	-0.721	0.950
2008	3	19	-0.239	0.990
2008	3	20	-4.783	0.980
2008	3	21	-4.400	0.920
2008	3	22	-2.175	0.880
2008	3	23	-6.829	0.890
2008	3	24	-4.383	0.890
2008	3	25	0.463	0.930
2008	3	26	-1.496	1.000
2008	3	27	-3.129	1.080
2008	3	28	-2.513	1.170
2008	3	29	-0.621	1.210
2008	3	30	0.800	1.200
2008	3	31	1.892	1.210
2008	4	1	-1.404	1.220
2008	4	2	0.500	1.230
2008	4	3	3.900	1.250
2008	4	4	5.017	1.280
2008	4	5	3.496	1.330
2008	4	6	3.417	1.380
2008	4	7	4.092	1.460
2008	4	8	0.621	1.530
2008	4	9	-0.042	1.600
2008	4	10	0.662	1.670
2008	4	11	0.687	1.740
2008	4	12	-0.379	1.820
2008	4	13	0.042	1.890
2008	4	14	1.162	2.030
2008	4	15	4.654	2.100
2008	4	16	6.075	2.150
2008	4	17	5.529	2.190
2008	4	18	4.208	2.330
2008	4	19	2.933	2.540
2008	4	20	3.392	2.720
2008	4	21	6.487	2.920
2008	4	22	10.262	2.700
2008	4	23	5.717	2.410
2008	4	24	10.363	2.340
2008	4	25	7.729	2.330
2008	4	26	4.783	2.280
2008	4	27	-0.938	2.200
2008	4	28	-0.483	2.140
2008	4	29	1.179	2.170
2008	4	30	2.579	2.290
2008	5	1	2.970	2.350
2008	5	2	4.413	2.320
2008	5	3	3.417	2.270
2008	5	4	3.142	2.280
2008	5	5	3.571	2.420
2008	5	6	5.133	2.480
2008	5	7	5.008	2.510
2008	5	8	3.929	2.520
2008	5	9	3.479	2.570
2008	5	10	4.883	2.580
2008	5	11	4.125	2.620
2008	5	12	2.792	2.680
2008	5	13	5.542	2.750
2008	5	14	5.942	2.880
2008	5	15	8.342	3.020
2008	5	16	7.504	3.130
2008	5	17	6.625	3.070
2008	5	18	3.713	3.060
2008	5	19	5.317	3.110
2008	5	20	5.117	3.200
2008	5	21	3.762	3.320
2008	5	22	4.233	3.450
2008	5	23	5.421	3.580
2008	5	24	7.570	3.650
2008	5	25	9.013	3.690
2008	5	26	7.237	3.690
2008	5	27	3.350	3.750
2008	5	28	7.187	3.910
2008	5	29	12.630	4.060
2008	5	30	8.429	4.140
2008	5	31	7.271	4.270
2008	6	1	11.254	4.430
2008	6	2	10.783	4.400
2008	6	3	9.246	4.260
2008	6	4	8.550	4.250
2008	6	5	9.625	4.320
2008	6	6	9.875	4.380
2008	6	7	16.088	4.430
2008	6	8	14.133	4.550
2008	6	9	12.333	4.690
2008	6	10	5.658	4.700
2008	6	11	5.417	4.720
2008	6	12	8.117	4.970
2008	6	13	14.009	5.180
2008	6	14	13.208	5.230
2008	6	15	12.742	5.240
2008	6	16	9.325	5.240
2008	6	17	8.208	5.320
2008	6	18	7.521	5.450
2008	6	19	10.388	5.660
2008	6	20	12.358	5.870
2008	6	21	14.037	5.990
2008	6	22	10.971	6.010
2008	6	23	8.983	6.050
2008	6	24	14.591	6.240
2008	6	25	18.325	6.560
2008	6	26	13.059	6.870
2008	6	27	12.504	7.020
2008	6	28	15.332	7.030
2008	6	29	10.325	6.900
2008	6	30	12.583	6.770
2008	7	1	18.354	6.980
2008	7	2	14.817	7.160
2008	7	3	10.604	7.270
2008	7	4	14.537	7.650
2008	7	5	17.925	8.190
2008	7	6	18.896	8.690
2008	7	7	12.359	8.740
2008	7	8	11.796	8.630
2008	7	9	13.304	8.340
2008	7	10	10.912	8.190
2008	7	11	8.483	8.200
2008	7	12	16.600	8.190
2008	7	13	14.775	8.260
2008	7	14	13.021	8.520
2008	7	15	16.575	8.960
2008	7	16	15.600	9.370
2008	7	17	14.192	9.910
2008	7	18	14.787	10.580
2008	7	19	11.083	11.150
2008	7	20	11.962	11.600
2008	7	21	11.925	11.870
2008	7	22	13.217	12.070
2008	7	23	14.279	12.520
2008	7	24	16.988	12.840
2008	7	25	18.979	12.780
2008	7	26	17.304	12.550
2008	7	27	16.804	12.730
2008	7	28	15.387	13.280
2008	7	29	15.912	13.550
2008	7	30	18.079	13.610
2008	7	31	15.275	13.930
2008	8	1	14.921	14.300
2008	8	2	15.108	14.580
2008	8	3	18.050	15.000
2008	8	4	18.837	15.500
2008	8	5	18.300	15.860
2008	8	6	18.425	15.910
2008	8	7	16.046	15.820
2008	8	8	16.917	15.780
2008	8	9	14.521	15.770
2008	8	10	13.721	15.830
2008	8	11	15.800	16.060
2008	8	12	16.254	16.300
2008	8	13	16.271	16.620
2008	8	14	16.387	16.830
2008	8	15	17.346	16.950
2008	8	16	18.654	17.010
2008	8	17	21.171	17.000
2008	8	18	18.071	16.740
2008	8	19	13.943	16.480
2008	8	20	16.963	16.520
2008	8	21	18.133	16.600
2008	8	22	19.275	16.570
2008	8	23	18.517	16.350
2008	8	24	14.933	16.140
2008	8	25	15.471	16.200
2008	8	26	15.825	16.270
2008	8	27	17.300	16.260
2008	8	28	17.475	16.180
2008	8	29	17.109	16.230
2008	8	30	17.042	16.600
2008	8	31	19.054	16.940
2008	9	1	21.083	17.100
2008	9	2	21.458	16.950
2008	9	3	16.042	16.450
2008	9	4	14.042	16.170
2008	9	5	13.871	15.920
2008	9	6	14.279	15.760
2008	9	7	14.754	15.560
2008	9	8	12.792	15.360
2008	9	9	12.542	15.250
2008	9	10	15.108	15.220
2008	9	11	16.083	15.150
2008	9	12	15.129	15.030
2008	9	13	15.342	14.960
2008	9	14	13.346	14.740
2008	9	15	10.421	14.520
2008	9	16	13.967	14.480
2008	9	17	14.779	14.470
2008	9	18	12.004	14.350
2008	9	19	16.708	14.200
2008	9	20	14.392	14.040
2008	9	21	11.867	13.960
2008	9	22	14.738	13.950
2008	9	23	16.525	13.980
2008	9	24	17.408	14.000
2008	9	25	15.138	14.030
2008	9	26	16.654	14.030
2008	9	27	16.083	13.900
2008	9	28	10.475	13.750
2008	9	29	11.867	13.560
2008	9	30	11.162	13.230
2008	10	1	7.892	12.820
2008	10	2	8.379	12.430
2008	10	3	6.192	12.150
2008	10	4	7.517	12.010
2008	10	5	8.629	11.900
2008	10	6	10.171	11.800
2008	10	7	11.688	11.650
2008	10	8	11.196	11.460
2008	10	9	12.029	11.310
2008	10	10	10.692	11.180
2008	10	11	11.383	11.090
2008	10	12	15.050	10.960
2008	10	13	16.354	10.740
2008	10	14	10.171	10.530
2008	10	15	10.446	10.330
2008	10	16	7.829	10.130
2008	10	17	8.083	10.010
2008	10	18	8.154	9.990
2008	10	19	10.662	9.950
2008	10	20	8.804	9.840
2008	10	21	4.750	9.710
2008	10	22	4.692	9.640
2008	10	23	7.471	9.690
2008	10	24	8.454	9.640
2008	10	25	8.350	9.320
2008	10	26	8.221	9.020
2008	10	27	3.829	8.770
2008	10	28	3.017	8.570
2008	10	29	2.125	8.520
2008	10	30	7.646	8.540
2008	10	31	10.042	8.430
2008	11	1	5.404	8.300
2008	11	2	5.846	8.320
2008	11	3	8.496	8.430
2008	11	4	12.375	8.530
2008	11	5	13.267	8.490
2008	11	6	12.346	8.380
2008	11	7	10.254	8.260
2008	11	8	4.808	8.160
2008	11	9	-0.604	8.050
2008	11	10	0.133	7.890
2008	11	11	0.450	7.820
2008	11	12	3.250	7.800
2008	11	13	6.008	7.700
2008	11	14	5.538	7.550
2008	11	15	1.387	7.040
2008	11	16	-2.079	6.790
2008	11	17	-3.117	6.590
2008	11	18	-3.342	6.200
2008	11	19	-1.188	6.010
2008	11	20	-3.750	5.920
2008	11	21	-6.925	5.840
2008	11	22	-5.300	5.750
2008	11	23	-0.396	5.690
2008	11	24	1.938	5.600
2008	11	25	1.446	5.530
2008	11	26	1.067	5.430
2008	11	27	-0.650	5.370
2008	11	28	-0.004	5.220
2008	11	29	0.296	5.100
2008	11	30	-0.454	4.990
2008	12	1	-2.900	4.920
2008	12	2	-2.025	4.870
2008	12	3	-2.188	4.770
2008	12	4	-6.312	4.710
2008	12	5	-7.275	4.630
2008	12	6	-6.558	4.540
2008	12	7	-9.121	4.460
2008	12	8	-6.467	4.420
2008	12	9	-5.171	4.370
2008	12	10	-8.650	4.290
2008	12	11	-5.725	4.190
2008	12	12	-9.717	4.090
2008	12	13	-4.733	3.980
2008	12	14	0.521	3.900
2008	12	15	-5.671	3.790
2008	12	16	-11.408	3.300
2008	12	17	-8.658	3.210
2008	12	18	-6.838	3.160
2008	12	19	-8.067	3.130
2008	12	20	-7.946	3.090
2008	12	21	-6.838	3.070
2008	12	22	-11.112	3.050
2008	12	23	-6.679	3.040
2008	12	24	-3.846	3.020
2008	12	25	-5.975	3.010
2008	12	26	-1.446	3.010
2008	12	27	3.621	2.980
2008	12	28	0.100	2.940
2008	12	29	-2.200	2.910
2008	12	30	-8.221	2.870
2008	12	31	-8.963	2.810
2009	1	1	-6.642	2.790
2009	1	2	-4.667	2.780
2009	1	3	-6.433	2.760
2009	1	4	-3.525	2.740
2009	1	5	-9.146	2.600
2009	1	6	-7.800	2.530
2009	1	7	-5.929	2.430
2009	1	8	-6.092	2.330
2009	1	9	-6.724	2.210
2009	1	10	-6.306	2.140
2009	1	11	-5.348	2.070
2009	1	12	-5.938	2.030
2009	1	13	-7.240	1.910
2009	1	14	-7.172	1.830
2009	1	15	-6.692	1.750
2009	1	16	-5.329	1.680
2009	1	17	-6.273	1.630
2009	1	18	-6.790	1.370
2009	1	19	-6.933	1.240
2009	1	20	-7.085	1.160
2009	1	21	-5.150	1.120
2009	1	22	-5.690	1.090
2009	1	23	-5.472	1.070
2009	1	24	-5.324	1.050
2009	1	25	-5.079	1.040
2009	1	26	-5.636	1.020
2009	1	27	-5.609	1.000
2009	1	28	-4.944	0.990
2009	1	29	-5.985	0.990
2009	1	30	-5.752	1.000
2009	1	31	-5.839	1.010
2009	2	1	-5.686	1.020
2009	2	2	-6.149	1.020
2009	2	3	-5.486	1.020
2009	2	4	-6.585	0.980
2009	2	5	-7.086	0.960
2009	2	6	-6.747	0.950
2009	2	7	-6.646	0.960
2009	2	8	-5.964	0.970
2009	2	9	-6.086	0.970
2009	2	10	-6.148	0.950
2009	2	11	-6.104	0.880
2009	2	12	-4.875	0.830
2009	2	13	-4.241	0.800
2009	2	14	-4.044	0.770
2009	2	15	-4.648	0.750
2009	2	16	-4.792	0.740
2009	2	17	-5.363	0.740
2009	2	18	-5.282	0.730
2009	2	19	-5.509	0.720
2009	2	20	-5.089	0.710
2009	2	21	-4.723	0.700
2009	2	22	-4.294	0.700
2009	2	23	-4.081	0.700
2009	2	24	-5.157	0.700
2009	2	25	-5.708	0.690
2009	2	26	-4.664	0.690
2009	2	27	-4.545	0.690
2009	2	28	-3.978	0.690
2009	3	1	-3.698	0.690
2009	3	2	-3.733	0.690
2009	3	3	-3.492	0.630
2009	3	4	-3.517	0.590
2009	3	5	-3.165	0.560
2009	3	6	-2.487	0.630
2009	3	7	-2.058	0.720
2009	3	8	-1.508	0.720
2009	3	9	-2.266	0.790
2009	3	10	-2.332	0.790
2009	3	11	-2.329	0.780
2009	3	12	-2.165	0.780
2009	3	13	-1.282	0.790
2009	3	14	-1.336	0.810
2009	3	15	-1.833	0.830
2009	3	16	-1.481	0.840
2009	3	17	-0.942	0.840
2009	3	18	-1.005	0.840
2009	3	19	-0.816	0.840
2009	3	20	-0.024	0.820
2009	3	21	0.522	0.840
2009	3	22	-0.063	0.860
2009	3	23	-0.295	0.860
2009	3	24	0.383	0.850
2009	3	25	1.240	0.850
2009	3	26	0.889	0.850
2009	3	27	0.867	0.840
2009	3	28	1.022	0.820
2009	3	29	0.557	0.830
2009	3	30	0.269	0.860
2009	3	31	0.959	0.890
2009	4	1	0.926	0.930
2009	4	2	0.972	0.960
2009	4	3	0.881	0.980
2009	4	4	1.910	1.000
2009	4	5	2.195	1.010
2009	4	6	2.538	1.050
2009	4	7	2.470	1.100
2009	4	8	3.046	1.140
2009	4	9	2.844	1.150
2009	4	10	2.264	1.170
2009	4	11	2.107	1.210
2009	4	12	3.225	1.260
2009	4	13	3.357	1.300
2009	4	14	4.023	1.360
2009	4	15	3.560	1.460
2009	4	16	3.566	1.490
2009	4	17	4.141	1.500
2009	4	18	4.339	1.480
2009	4	19	4.338	1.510
2009	4	20	4.583	1.540
2009	4	21	3.808	1.560
2009	4	22	3.569	1.560
2009	4	23	4.582	1.590
2009	4	24	4.724	1.730
2009	4	25	4.791	1.880
2009	4	26	5.314	1.930
2009	4	27	5.795	1.980
2009	4	28	6.090	2.020
2009	4	29	5.909	1.960
2009	4	30	5.401	2.020
2009	5	1	5.846	2.120
2009	5	2	6.812	2.200
2009	5	3	7.703	2.360
2009	5	4	6.901	2.570
2009	5	5	6.185	2.650
2009	5	6	6.097	2.720
2009	5	7	6.075	2.740
2009	5	8	6.440	2.650
2009	5	9	6.602	2.590
2009	5	10	7.146	2.580
2009	5	11	6.859	2.610
2009	5	12	6.876	2.640
2009	5	13	7.346	2.750
2009	5	14	7.972	2.820
2009	5	15	7.984	2.900
2009	5	16	8.700	2.960
2009	5	17	8.814	2.970
2009	5	18	7.986	3.050
2009	5	19	7.480	3.250
2009	5	20	7.638	3.510
2009	5	21	8.778	3.550
2009	5	22	9.534	3.550
2009	5	23	10.112	3.570
2009	5	24	11.156	3.570
2009	5	25	10.932	3.610
2009	5	26	10.056	3.610
2009	5	27	9.714	3.670
2009	5	28	9.034	3.730
2009	5	29	9.883	3.730
2009	5	30	9.734	3.720
2009	5	31	10.746	3.670
2009	6	1	10.138	3.690
2009	6	2	9.701	3.720
2009	6	3	9.753	3.840
2009	6	4	11.193	3.970
2009	6	5	10.873	4.050
2009	6	6	11.304	4.080
2009	6	7	11.858	4.200
2009	6	8	12.164	4.360
2009	6	9	12.480	4.530
2009	6	10	12.115	4.750
2009	6	11	12.242	4.910
2009	6	12	12.382	5.080
2009	6	13	12.783	5.310
2009	6	14	12.957	5.600
2009	6	15	13.241	5.760
2009	6	16	13.675	5.960
2009	6	17	13.570	6.250
2009	6	18	13.682	6.640
2009	6	19	13.838	7.350
2009	6	20	14.668	8.230
2009	6	21	13.526	8.340
2009	6	22	12.535	8.420
2009	6	23	12.789	8.620
2009	6	24	12.778	8.370
2009	6	25	12.585	8.140
2009	6	26	13.473	8.040
2009	6	27	14.330	7.890
2009	6	28	14.046	7.740
2009	6	29	14.078	7.560
2009	6	30	14.396	7.340
2009	7	1	14.337	7.200
2009	7	2	14.534	7.150
2009	7	3	14.484	7.170
2009	7	4	14.349	7.300
2009	7	5	14.394	7.330
2009	7	6	14.751	7.290
2009	7	7	14.735	7.350
2009	7	8	14.387	7.590
2009	7	9	14.547	7.810
2009	7	10	15.778	7.850
2009	7	11	16.059	7.740
2009	7	12	16.038	7.780
2009	7	13	15.483	7.940
2009	7	14	15.251	8.170
2009	7	15	14.967	8.370
2009	7	16	15.441	8.490
2009	7	17	16.547	8.720
2009	7	18	16.683	9.000
2009	7	19	16.978	9.250
2009	7	20	16.814	9.480
2009	7	21	16.430	9.740
2009	7	22	16.546	10.100
2009	7	23	16.285	10.360
2009	7	24	16.682	10.580
2009	7	25	17.699	10.770
2009	7	26	17.364	10.950
2009	7	27	19.300	11.050
2009	7	28	16.775	10.970
2009	7	29	14.575	10.840
2009	7	30	15.796	10.830
2009	7	31	14.230	10.800
2009	8	1	15.383	10.500
2009	8	2	14.471	10.270
2009	8	3	15.908	10.470
2009	8	4	15.721	10.560
2009	8	5	14.871	10.590
2009	8	6	14.571	10.720
2009	8	7	15.675	11.070
2009	8	8	15.096	11.670
2009	8	9	17.267	12.470
2009	8	10	16.788	13.190
2009	8	11	14.026	13.740
2009	8	12	19.071	14.280
2009	8	13	21.746	14.650
2009	8	14	19.404	14.840
2009	8	15	21.037	14.890
2009	8	16	20.387	14.620
2009	8	17	20.279	14.300
2009	8	18	17.537	14.010
2009	8	19	16.546	13.760
2009	8	20	16.058	13.550
2009	8	21	13.579	13.300
2009	8	22	12.183	13.170
2009	8	23	12.254	13.260
2009	8	24	15.437	13.370
2009	8	25	17.471	13.420
2009	8	26	13.442	13.450
2009	8	27	14.083	13.470
2009	8	28	14.579	13.370
2009	8	29	12.621	13.170
2009	8	30	12.242	13.110
2009	8	31	14.200	13.280
2009	9	1	15.967	13.540
2009	9	2	15.829	13.920
2009	9	3	16.450	14.300
2009	9	4	17.008	14.780
2009	9	5	16.788	15.180
2009	9	6	17.858	15.410
2009	9	7	18.725	15.670
2009	9	8	17.196	15.920
2009	9	9	18.221	16.080
2009	9	10	19.012	16.300
2009	9	11	18.808	16.580
2009	9	12	19.108	16.700
2009	9	13	17.329	16.750
2009	9	14	18.088	16.760
2009	9	15	16.887	16.580
2009	9	16	13.979	16.200
2009	9	17	16.012	15.930
2009	9	18	13.908	15.810
2009	9	19	13.538	15.770
2009	9	20	16.996	15.800
2009	9	21	15.333	15.840
2009	9	22	16.450	15.820
2009	9	23	16.279	15.820
2009	9	24	16.087	15.780
2009	9	25	15.575	15.650
2009	9	26	15.771	15.380
2009	9	27	16.117	14.880
2009	9	28	12.762	13.960
2009	9	29	7.142	12.880
2009	9	30	5.854	12.260
2009	10	1	7.296	12.040
2009	10	2	8.058	12.050
2009	10	3	8.675	12.020
2009	10	4	9.287	11.470
2009	10	5	9.350	10.980
2009	10	6	9.200	10.730
2009	10	7	7.758	10.580
2009	10	8	9.838	10.440
2009	10	9	7.313	10.250
2009	10	10	4.725	10.030
2009	10	11	3.804	9.640
2009	10	12	4.204	9.230
2009	10	13	3.821	8.950
2009	10	14	4.050	8.840
2009	10	15	2.321	8.790
2009	10	16	3.154	8.760
2009	10	17	3.987	8.760
2009	10	18	7.067	8.700
2009	10	19	9.600	8.630
2009	10	20	6.862	8.550
2009	10	21	5.371	8.450
2009	10	22	2.850	8.320
2009	10	23	3.571	8.210
2009	10	24	3.492	8.080
2009	10	25	4.508	8.030
2009	10	26	5.608	8.030
2009	10	27	7.150	8.040
2009	10	28	7.321	8.030
2009	10	29	8.092	7.940
2009	10	30	10.138	7.780
2009	10	31	7.313	7.590
2009	11	1	5.196	7.460
2009	11	2	6.521	7.390
2009	11	3	2.988	7.330
2009	11	4	4.688	7.290
2009	11	5	3.412	7.280
2009	11	6	3.829	7.320
2009	11	7	9.079	7.360
2009	11	8	9.613	7.250
2009	11	9	8.021	7.100
2009	11	10	7.358	7.070
2009	11	11	7.004	7.050
2009	11	12	7.329	6.990
2009	11	13	8.129	6.890
2009	11	14	7.767	6.800
2009	11	15	4.971	6.730
2009	11	16	5.371	6.700
2009	11	17	5.054	6.740
2009	11	18	5.450	6.810
2009	11	19	6.475	6.780
2009	11	20	6.587	6.710
2009	11	21	5.825	6.630
2009	11	22	6.963	6.610
2009	11	23	7.425	6.610
2009	11	24	6.433	6.620
2009	11	25	6.379	6.620
2009	11	26	3.454	6.580
2009	11	27	-0.067	6.490
2009	11	28	2.575	6.350
2009	11	29	2.104	6.200
2009	11	30	2.758	6.170
2009	12	1	2.246	6.070
2009	12	2	2.767	5.830
2009	12	3	-2.404	5.670
2009	12	4	-3.287	5.500
2009	12	5	-4.071	5.360
2009	12	6	-3.958	5.270
2009	12	7	-2.975	4.760
2009	12	8	-4.537	4.610
2009	12	9	-3.171	4.470
2009	12	10	-8.646	4.370
2009	12	11	-9.896	4.280
2009	12	12	-4.717	4.180
2009	12	13	-3.596	4.100
2009	12	14	-5.900	4.040
2009	12	15	-8.421	3.960
2009	12	16	-8.833	3.900
2009	12	17	-4.992	3.870
2009	12	18	-1.004	3.870
2009	12	19	-2.696	3.870
2009	12	20	-6.242	3.860
2009	12	21	-4.258	3.840
2009	12	22	-1.821	3.840
2009	12	23	-2.358	3.850
2009	12	24	-2.296	3.830
2009	12	25	1.046	3.800
2009	12	26	1.379	3.770
2009	12	27	-0.783	3.700
2009	12	28	-4.321	3.660
2009	12	29	-7.413	3.580
2009	12	30	-3.654	3.470
2009	12	31	-4.642	3.370
2010	1	1	-9.037	3.300
2010	1	2	-13.788	3.150
2010	1	3	-10.175	2.990
2010	1	4	-6.905	2.990
2010	1	5	-4.967	2.990
2010	1	6	-4.879	2.960
2010	1	7	-4.750	2.930
2010	1	8	-8.792	2.910
2010	1	9	-6.837	2.870
2010	1	10	-3.971	2.860
2010	1	11	-5.146	2.850
2010	1	12	-5.171	2.860
2010	1	13	-0.879	2.900
2010	1	14	-0.537	2.910
2010	1	15	-0.304	2.890
2010	1	16	2.338	2.900
2010	1	17	2.021	2.900
2010	1	18	0.487	2.840
2010	1	19	-4.875	2.710
2010	1	20	-4.492	2.600
2010	1	21	-1.512	2.560
2010	1	22	0.042	2.550
2010	1	23	0.996	2.550
2010	1	24	2.517	2.530
2010	1	25	2.838	2.480
2010	1	26	-5.733	2.440
2010	1	27	-9.338	2.340
2010	1	28	-13.837	2.240
2010	1	29	-11.675	2.170
2010	1	30	-6.650	2.100
2010	1	31	-7.692	2.000
2010	2	1	-8.367	1.890
2010	2	2	-5.862	1.820
2010	2	3	-6.437	1.790
2010	2	4	-3.046	1.780
2010	2	5	-3.100	1.770
2010	2	6	-5.392	1.760
2010	2	7	-3.904	1.730
2010	2	8	-4.525	1.700
2010	2	9	-5.212	1.650
2010	2	10	-5.638	1.610
2010	2	11	-5.450	1.560
2010	2	12	-4.371	1.530
2010	2	13	-4.096	1.530
2010	2	14	-5.008	1.550
2010	2	15	-3.863	1.570
2010	2	16	-1.942	1.580
2010	2	17	-0.750	1.590
2010	2	18	-0.758	1.570
2010	2	19	-1.063	1.540
2010	2	20	-0.367	1.500
2010	2	21	0.008	1.450
2010	2	22	-0.058	1.450
2010	2	23	-1.104	1.460
2010	2	24	-5.292	1.500
2010	2	25	-7.179	1.520
2010	2	26	-4.242	1.550
2010	2	27	-0.875	1.580
2010	2	28	-0.992	1.600
2010	3	1	-2.929	1.590
2010	3	2	-0.658	1.610
2010	3	3	0.387	1.670
2010	3	4	-0.300	1.930
2010	3	5	-0.458	1.990
2010	3	6	3.750	1.990
2010	3	7	3.904	2.020
2010	3	8	4.425	2.110
2010	3	9	3.571	2.220
2010	3	10	4.433	2.300
2010	3	11	3.721	2.480
2010	3	12	4.250	2.740
2010	3	13	4.333	2.920
2010	3	14	6.062	2.630
2010	3	15	5.658	2.480
2010	3	16	4.221	2.490
2010	3	17	4.900	2.650
2010	3	18	6.612	3.090
2010	3	19	3.550	2.920
2010	3	20	-3.071	2.480
2010	3	21	0.767	2.320
2010	3	22	1.963	2.330
2010	3	23	3.092	2.370
2010	3	24	2.762	2.410
2010	3	25	-5.342	2.590
2010	3	26	-5.987	3.080
2010	3	27	2.163	3.060
2010	3	28	1.442	2.770
2010	3	29	-0.429	2.550
2010	3	30	3.496	2.500
2010	3	31	7.558	2.580
2010	4	1	8.983	2.570
2010	4	2	10.991	2.570
2010	4	3	9.508	2.570
2010	4	4	7.021	2.630
2010	4	5	4.175	2.790
2010	4	6	7.617	2.780
2010	4	7	3.017	2.720
2010	4	8	-0.188	2.690
2010	4	9	-0.242	2.660
2010	4	10	2.604	2.750
2010	4	11	5.765	2.880
2010	4	12	6.168	2.900
2010	4	13	4.374	2.870
2010	4	14	7.158	2.950
2010	4	15	12.575	2.990
2010	4	16	6.226	2.920
2010	4	17	3.438	2.870
2010	4	18	2.487	2.920
2010	4	19	3.879	2.930
2010	4	20	6.046	3.010
2010	4	21	0.571	3.070
2010	4	22	1.700	3.160
2010	4	23	6.396	3.270
2010	4	24	8.183	3.370
2010	4	25	6.792	3.450
2010	4	26	5.900	3.540
2010	4	27	3.454	3.650
2010	4	28	4.617	3.750
2010	4	29	6.796	3.760
2010	4	30	7.409	3.880
2010	5	1	11.804	4.040
2010	5	2	11.543	4.020
2010	5	3	9.304	3.920
2010	5	4	6.871	3.870
2010	5	5	6.558	3.810
2010	5	6	3.079	3.760
2010	5	7	2.179	3.760
2010	5	8	2.367	3.790
2010	5	9	3.267	3.810
2010	5	10	5.358	3.890
2010	5	11	5.413	4.060
2010	5	12	6.667	4.250
2010	5	13	6.529	4.420
2010	5	14	5.763	4.610
2010	5	15	6.242	4.750
2010	5	16	9.196	5.030
2010	5	17	14.267	5.330
2010	5	18	11.679	5.470
2010	5	19	13.617	5.640
2010	5	20	11.321	5.740
2010	5	21	10.554	5.850
2010	5	22	13.146	6.250
2010	5	23	14.008	6.980
2010	5	24	20.162	7.720
2010	5	25	21.175	7.970
2010	5	26	17.075	7.580
2010	5	27	13.846	7.030
2010	5	28	11.596	6.930
2010	5	29	12.033	7.090
2010	5	30	15.825	7.190
2010	5	31	13.554	7.160
2010	6	1	15.159	7.220
2010	6	2	9.583	7.400
2010	6	3	11.233	7.710
2010	6	4	13.004	7.750
2010	6	5	8.013	7.550
2010	6	6	7.542	7.440
2010	6	7	8.308	7.530
2010	6	8	12.337	7.660
2010	6	9	11.467	7.610
2010	6	10	10.075	7.380
2010	6	11	9.571	7.360
2010	6	12	10.396	7.490
2010	6	13	11.408	7.600
2010	6	14	10.617	8.690
2010	6	15	12.379	8.750
2010	6	16	10.125	8.810
2010	6	17	14.850	9.450
2010	6	18	17.271	9.140
2010	6	19	17.371	9.130
2010	6	20	12.263	9.810
2010	6	21	15.321	10.030
2010	6	22	14.754	10.320
2010	6	23	14.071	11.210
2010	6	24	13.721	10.660
2010	6	25	15.200	10.450
2010	6	26	12.955	10.700
2010	6	27	12.892	10.900
2010	6	28	11.642	11.030
2010	6	29	10.525	10.530
2010	6	30	11.858	10.520
2010	7	1	14.129	10.790
2010	7	2	16.429	11.650
2010	7	3	20.742	13.520
2010	7	4	21.813	14.360
2010	7	5	19.200	14.360
2010	7	6	16.721	14.440
2010	7	7	18.742	13.440
2010	7	8	18.371	14.510
2010	7	9	19.938	15.080
2010	7	10	20.691	15.260
2010	7	11	20.358	15.500
2010	7	12	15.908	15.690
2010	7	13	16.492	16.160
2010	7	14	18.896	16.310
2010	7	15	19.538	14.610
2010	7	16	20.250	15.160
2010	7	17	18.409	15.260
2010	7	18	17.000	15.630
2010	7	19	15.854	15.910
2010	7	20	17.033	16.150
2010	7	21	18.342	16.740
2010	7	22	19.408	16.940
2010	7	23	19.050	17.150
2010	7	24	18.143	17.210
2010	7	25	18.521	17.480
2010	7	26	21.567	18.190
2010	7	27	22.483	18.480
2010	7	28	20.417	18.100
2010	7	29	18.014	17.960
2010	7	30	17.992	18.090
2010	7	31	18.725	18.430
2010	8	1	19.842	18.690
2010	8	2	21.748	18.740
2010	8	3	21.279	19.570
2010	8	4	22.263	19.930
2010	8	5	19.708	19.460
2010	8	6	16.504	18.950
2010	8	7	17.446	18.680
2010	8	8	18.308	19.140
2010	8	9	20.117	19.670
2010	8	10	21.296	18.330
2010	8	11	22.525	18.410
2010	8	12	22.325	19.430
2010	8	13	23.108	20.080
2010	8	14	22.004	20.390
2010	8	15	20.438	20.200
2010	8	16	17.229	19.170
2010	8	17	16.171	17.830
2010	8	18	17.096	17.330
2010	8	19	15.962	16.980
2010	8	20	17.304	16.930
2010	8	21	17.592	16.970
2010	8	22	18.130	17.390
2010	8	23	17.883	17.490
2010	8	24	18.992	17.290
2010	8	25	17.079	16.500
2010	8	26	17.212	16.270
2010	8	27	18.908	16.750
2010	8	28	22.537	15.900
2010	8	29	22.158	16.440
2010	8	30	24.238	17.710
2010	8	31	22.817	17.910
2010	9	1	20.435	17.620
2010	9	2	18.104	17.390
2010	9	3	15.500	17.400
2010	9	4	10.258	17.000
2010	9	5	12.433	13.790
2010	9	6	13.983	13.390
2010	9	7	14.479	14.760
2010	9	8	11.729	14.530
2010	9	9	12.517	13.880
2010	9	10	12.300	13.790
2010	9	11	13.950	13.820
2010	9	12	15.896	13.650
2010	9	13	14.442	13.550
2010	9	14	12.067	13.520
2010	9	15	11.637	13.490
2010	9	16	11.050	13.610
2010	9	17	12.792	13.570
2010	9	18	11.804	13.340
2010	9	19	11.604	13.280
2010	9	20	12.150	13.070
2010	9	21	15.738	13.040
2010	9	22	12.454	12.940
2010	9	23	11.842	12.930
2010	9	24	13.533	12.940
2010	9	25	8.621	12.710
2010	9	26	10.933	12.360
2010	9	27	11.775	12.400
2010	9	28	12.046	12.350
2010	9	29	11.383	12.280
2010	9	30	13.008	12.120
2010	10	1	11.321	12.100
2010	10	2	7.304	12.080
2010	10	3	9.492	12.010
2010	10	4	11.067	12.110
2010	10	5	12.583	12.330
2010	10	6	13.700	12.380
2010	10	7	13.954	12.330
2010	10	8	15.479	12.500
2010	10	9	12.479	12.450
2010	10	10	12.658	12.350
2010	10	11	10.379	12.330
2010	10	12	10.017	12.250
2010	10	13	12.117	12.150
2010	10	14	11.917	12.090
2010	10	15	10.188	12.110
2010	10	16	11.367	12.140
2010	10	17	10.175	11.820
2010	10	18	8.542	11.770
2010	10	19	9.188	11.600
2010	10	20	10.437	11.540
2010	10	21	4.938	11.420
2010	10	22	8.146	11.140
2010	10	23	10.292	10.730
2010	10	24	9.792	10.700
2010	10	25	10.525	10.700
2010	10	26	12.692	10.690
2010	10	27	7.662	10.600
2010	10	28	5.342	10.500
2010	10	29	4.462	9.390
2010	10	30	5.483	8.850
2010	10	31	4.433	8.730
2010	11	1	5.625	8.750
2010	11	2	7.579	8.660
2010	11	3	8.233	8.660
2010	11	4	5.342	8.560
2010	11	5	-0.525	8.550
2010	11	6	3.908	8.290
2010	11	7	7.946	8.200
2010	11	8	7.621	8.260
2010	11	9	8.312	8.370
2010	11	10	8.479	8.370
2010	11	11	9.233	8.220
2010	11	12	7.367	8.130
2010	11	13	4.808	8.150
2010	11	14	5.237	8.180
2010	11	15	2.312	8.190
2010	11	16	4.583	8.180
2010	11	17	5.233	7.970
2010	11	18	-1.158	7.930
2010	11	19	0.158	7.740
2010	11	20	-3.004	7.430
2010	11	21	0.212	7.430
2010	11	22	4.171	7.170
2010	11	23	-0.229	6.990
2010	11	24	-1.321	6.720
2010	11	25	1.183	6.710
2010	11	26	-5.025	6.660
2010	11	27	-0.263	6.460
2010	11	28	0.154	6.020
2010	11	29	4.796	6.000
2010	11	30	5.579	5.980
2010	12	1	-0.046	5.980
2010	12	2	-2.825	5.970
2010	12	3	-3.312	5.790
2010	12	4	-2.762	5.570
2010	12	5	-3.846	5.540
2010	12	6	-5.821	5.500
2010	12	7	-7.567	5.340
2010	12	8	-7.625	5.270
2010	12	9	-5.325	5.120
2010	12	10	-2.612	5.100
2010	12	11	-5.383	5.080
2010	12	12	-7.896	5.030
2010	12	13	-11.338	4.920
2010	12	14	-8.742	4.620
2010	12	15	-5.633	4.290
2010	12	16	-3.312	4.260
2010	12	17	-2.917	4.270
2010	12	18	-3.929	4.270
2010	12	19	-2.517	4.270
2010	12	20	-1.142	4.110
2010	12	21	-0.225	4.000
2010	12	22	-0.633	4.010
2010	12	23	-1.996	3.990
2010	12	24	-1.167	3.970
2010	12	25	-1.946	3.980
2010	12	26	-3.762	3.930
2010	12	27	-3.133	3.780
2010	12	28	-1.221	3.850
2010	12	29	2.750	3.830
2010	12	30	3.221	3.820
2010	12	31	2.808	3.830
2011	1	1	-2.188	3.650
2011	1	2	-8.158	3.600
2011	1	3	-5.783	3.570
2011	1	4	-5.421	3.550
2011	1	5	-5.037	3.530
2011	1	6	-6.267	3.490
2011	1	7	-8.296	3.450
2011	1	8	-6.142	3.330
2011	1	9	-5.258	3.250
2011	1	10	-3.467	3.200
2011	1	11	-3.383	3.160
2011	1	12	-4.342	3.140
2011	1	13	-5.583	3.100
2011	1	14	-4.592	3.040
2011	1	15	-6.642	2.990
2011	1	16	-11.408	2.950
2011	1	17	-6.600	2.920
2011	1	18	-7.483	2.910
2011	1	19	-10.067	2.870
2011	1	20	-7.779	2.780
2011	1	21	-14.733	2.550
2011	1	22	-11.700	2.380
2011	1	23	-13.375	2.040
2011	1	24	-6.867	1.790
2011	1	25	-4.775	1.720
2011	1	26	-3.938	1.690
2011	1	27	-3.838	1.680
2011	1	28	-8.150	1.680
2011	1	29	-7.617	1.670
2011	1	30	-9.317	1.650
2011	1	31	-10.104	1.630
2011	2	1	-7.825	1.580
2011	2	2	-7.212	1.560
2011	2	3	-5.275	1.550
2011	2	4	-2.042	1.560
2011	2	5	-0.150	1.560
2011	2	6	-5.033	1.520
2011	2	7	-9.988	1.650
2011	2	8	-11.329	1.640
2011	2	9	-10.446	1.600
2011	2	10	-11.700	1.550
2011	2	11	-8.025	1.540
2011	2	12	-5.713	1.580
2011	2	13	-0.171	1.630
2011	2	14	-3.379	1.690
2011	2	15	-1.154	1.750
2011	2	16	2.867	1.800
2011	2	17	3.642	1.800
2011	2	18	-1.387	1.730
2011	2	19	-8.350	1.640
2011	2	20	-5.512	1.590
2011	2	21	-8.796	1.560
2011	2	22	-6.158	1.540
2011	2	23	-3.800	1.550
2011	2	24	-2.237	1.570
2011	2	25	-9.438	1.550
2011	2	26	-10.529	1.510
2011	2	27	-8.588	1.350
2011	2	28	-5.067	1.280
2011	3	1	-1.637	1.270
2011	3	2	-9.600	1.260
2011	3	3	-6.937	1.240
2011	3	4	-1.587	1.210
2011	3	5	-5.346	1.170
2011	3	6	-7.708	1.160
2011	3	7	-5.204	1.150
2011	3	8	-1.654	1.180
2011	3	9	-0.808	1.210
2011	3	10	-0.658	1.240
2011	3	11	0.129	1.240
2011	3	12	-0.329	1.210
2011	3	13	-2.083	1.160
2011	3	14	-1.346	1.130
2011	3	15	2.663	1.140
2011	3	16	3.100	1.150
2011	3	17	3.938	1.150
2011	3	18	-2.708	1.140
2011	3	19	-2.946	1.140
2011	3	20	0.533	1.160
2011	3	21	0.892	1.190
2011	3	22	-1.708	1.220
2011	3	23	-5.392	1.250
2011	3	24	-7.425	1.230
2011	3	25	-7.346	1.190
2011	3	26	-6.925	1.150
2011	3	27	-5.750	1.140
2011	3	28	-2.438	1.160
2011	3	29	-0.404	1.190
2011	3	30	0.079	1.250
2011	3	31	0.296	1.320
2011	4	1	1.383	1.400
2011	4	2	1.550	1.470
2011	4	3	2.283	1.520
2011	4	4	0.446	1.600
2011	4	5	-0.012	1.650
2011	4	6	0.413	1.700
2011	4	7	2.100	1.780
2011	4	8	5.287	1.840
2011	4	9	5.917	1.870
2011	4	10	5.850	1.930
2011	4	11	5.929	2.020
2011	4	12	8.004	2.040
2011	4	13	5.883	1.940
2011	4	14	-2.954	1.880
2011	4	15	0.346	1.890
2011	4	16	0.950	1.910
2011	4	17	-2.654	1.920
2011	4	18	-2.900	1.910
2011	4	19	-1.021	1.930
2011	4	20	1.717	2.050
2011	4	21	2.417	2.150
2011	4	22	3.446	2.180
2011	4	23	1.708	2.190
2011	4	24	5.212	2.240
2011	4	25	8.079	2.330
2011	4	26	3.754	2.350
2011	4	27	1.754	2.380
2011	4	28	2.238	2.430
2011	4	29	5.288	2.470
2011	4	30	6.121	2.460
2011	5	1	5.854	2.490
2011	5	2	1.437	2.560
2011	5	3	1.613	2.620
2011	5	4	4.812	2.680
2011	5	5	8.317	2.700
2011	5	6	3.704	2.710
2011	5	7	5.458	2.750
2011	5	8	6.767	2.820
2011	5	9	10.267	3.000
2011	5	10	6.483	3.330
2011	5	11	8.721	3.620
2011	5	12	11.252	3.570
2011	5	13	4.621	3.390
2011	5	14	4.567	3.280
2011	5	15	4.750	3.290
2011	5	16	3.421	3.380
2011	5	17	5.562	3.430
2011	5	18	7.633	3.480
2011	5	19	9.246	3.520
2011	5	20	9.858	3.590
2011	5	21	10.825	3.600
2011	5	22	14.174	3.620
2011	5	23	10.917	3.620
2011	5	24	3.579	3.590
2011	5	25	4.122	3.620
2011	5	26	3.204	3.680
2011	5	27	3.912	3.730
2011	5	28	7.800	3.940
2011	5	29	10.257	4.190
2011	5	30	9.642	4.450
2011	5	31	15.492	4.600
2011	6	1	10.046	4.480
2011	6	2	7.842	4.500
2011	6	3	9.171	4.880
2011	6	4	16.046	5.180
2011	6	5	11.317	5.230
2011	6	6	12.487	5.600
2011	6	7	10.775	5.720
2011	6	8	11.755	5.570
2011	6	9	5.075	5.220
2011	6	10	5.921	5.110
2011	6	11	6.867	5.060
2011	6	12	9.637	5.060
2011	6	13	12.754	5.230
2011	6	14	13.948	5.520
2011	6	15	13.267	5.750
2011	6	16	12.513	5.960
2011	6	17	10.004	6.200
2011	6	18	10.263	6.180
2011	6	19	9.258	6.080
2011	6	20	9.375	6.080
2011	6	21	10.287	6.120
2011	6	22	8.729	6.330
2011	6	23	7.496	6.510
2011	6	24	8.187	6.610
2011	6	25	13.492	6.680
2011	6	26	15.300	6.740
2011	6	27	15.522	6.760
2011	6	28	9.629	6.620
2011	6	29	10.238	6.690
2011	6	30	14.404	7.260
2011	7	1	16.746	7.790
2011	7	2	18.771	7.920
2011	7	3	18.508	7.910
2011	7	4	17.613	8.420
2011	7	5	16.168	9.090
2011	7	6	13.579	9.440
2011	7	7	16.567	9.650
2011	7	8	13.796	9.920
2011	7	9	13.774	10.300
2011	7	10	20.391	10.800
2011	7	11	17.361	10.930
2011	7	12	15.867	10.800
2011	7	13	10.512	10.930
2011	7	14	12.654	11.530
2011	7	15	16.167	12.540
2011	7	16	19.795	13.530
2011	7	17	22.475	14.210
2011	7	18	18.767	14.540
2011	7	19	15.887	14.490
2011	7	20	20.933	14.060
2011	7	21	19.188	13.550
2011	7	22	22.796	13.510
2011	7	23	14.217	13.500
2011	7	24	12.874	13.390
2011	7	25	15.987	13.400
2011	7	26	14.517	13.530
2011	7	27	15.658	13.920
2011	7	28	20.487	14.390
2011	7	29	20.938	14.660
2011	7	30	21.954	14.990
2011	7	31	20.174	15.450
2011	8	1	20.262	15.830
2011	8	2	20.733	16.210
2011	8	3	16.929	16.600
2011	8	4	20.762	16.960
2011	8	5	22.121	17.380
2011	8	6	20.055	17.530
2011	8	7	17.357	17.510
2011	8	8	18.783	17.300
2011	8	9	18.871	16.640
2011	8	10	15.325	15.920
2011	8	11	17.387	15.890
2011	8	12	19.567	16.210
2011	8	13	15.771	16.560
2011	8	14	16.487	16.880
2011	8	15	18.050	17.230
2011	8	16	18.970	17.370
2011	8	17	20.129	17.110
2011	8	18	19.433	16.900
2011	8	19	20.171	16.830
2011	8	20	17.854	16.700
2011	8	21	16.042	16.600
2011	8	22	16.762	16.550
2011	8	23	20.063	16.530
2011	8	24	19.448	16.210
2011	8	25	16.133	15.910
2011	8	26	18.200	15.880
2011	8	27	17.379	15.940
2011	8	28	17.133	16.080
2011	8	29	18.558	16.120
2011	8	30	17.550	16.150
2011	8	31	17.337	16.320
2011	9	1	18.629	16.570
2011	9	2	20.377	16.590
2011	9	3	17.629	16.420
2011	9	4	15.254	16.170
2011	9	5	10.783	15.930
2011	9	6	11.829	15.920
2011	9	7	15.208	16.130
2011	9	8	17.437	16.620
2011	9	9	18.383	17.050
2011	9	10	17.662	17.220
2011	9	11	20.133	17.110
2011	9	12	19.438	16.650
2011	9	13	13.783	15.900
2011	9	14	10.612	15.180
2011	9	15	8.050	14.420
2011	9	16	10.442	13.940
2011	9	17	12.792	13.790
2011	9	18	13.900	13.750
2011	9	19	14.658	13.640
2011	9	20	15.712	13.540
2011	9	21	14.833	13.440
2011	9	22	10.721	13.300
2011	9	23	11.496	13.190
2011	9	24	12.608	13.200
2011	9	25	13.312	13.330
2011	9	26	14.892	13.400
2011	9	27	15.004	13.290
2011	9	28	13.612	13.000
2011	9	29	13.387	12.580
2011	9	30	7.483	12.130
2011	10	1	6.737	11.920
2011	10	2	10.550	11.900
2011	10	3	11.737	12.090
2011	10	4	13.996	12.290
2011	10	5	14.038	12.340
2011	10	6	14.188	12.320
2011	10	7	16.075	12.370
2011	10	8	18.629	12.480
2011	10	9	17.508	12.460
2011	10	10	13.992	12.470
2011	10	11	16.004	12.510
2011	10	12	15.008	12.470
2011	10	13	14.158	12.250
2011	10	14	10.850	11.820
2011	10	15	7.533	11.210
2011	10	16	8.771	10.700
2011	10	17	6.921	10.260
2011	10	18	5.904	9.800
2011	10	19	6.100	9.410
2011	10	20	5.750	9.120
2011	10	21	5.433	8.960
2011	10	22	7.646	8.900
2011	10	23	7.708	8.820
2011	10	24	7.158	8.720
2011	10	25	5.604	8.650
2011	10	26	5.550	8.580
2011	10	27	4.450	8.540
2011	10	28	5.587	8.470
2011	10	29	6.137	8.400
2011	10	30	6.817	8.370
2011	10	31	7.354	8.350
2011	11	1	7.992	8.330
2011	11	2	7.933	8.330
2011	11	3	6.517	8.330
2011	11	4	7.258	8.250
2011	11	5	7.475	8.150
2011	11	6	9.046	8.050
2011	11	7	8.362	7.950
2011	11	8	5.287	7.830
2011	11	9	3.692	7.750
2011	11	10	1.575	7.650
2011	11	11	1.979	7.450
2011	11	12	5.567	7.240
2011	11	13	7.967	7.100
2011	11	14	6.567	6.980
2011	11	15	5.742	6.920
2011	11	16	2.746	6.880
2011	11	17	-0.504	6.760
2011	11	18	-0.450	6.600
2011	11	19	3.396	6.430
2011	11	20	-2.871	6.280
2011	11	21	-1.713	6.220
2011	11	22	1.954	6.210
2011	11	23	3.608	6.230
2011	11	24	6.158	6.260
2011	11	25	6.921	6.160
2011	11	26	5.908	6.020
2011	11	27	1.742	5.880
2011	11	28	0.200	5.760
2011	11	29	1.192	5.700
2011	11	30	1.158	5.650
2011	12	1	-0.292	5.580
2011	12	2	-3.500	5.480
2011	12	3	1.983	5.420
2011	12	4	0.633	5.290
2011	12	5	-4.525	5.120
2011	12	6	-5.154	5.000
2011	12	7	-2.371	4.870
2011	12	8	-2.767	4.760
2011	12	9	-6.471	4.670
2011	12	10	-5.762	4.580
2011	12	11	-0.125	4.580
2011	12	12	4.142	4.610
2011	12	13	1.625	4.580
2011	12	14	3.146	4.530
2011	12	15	2.600	4.450
2011	12	16	-5.229	4.370
2011	12	17	-5.487	4.300
2011	12	18	-0.575	4.240
2011	12	19	0.721	4.210
2011	12	20	-1.550	4.170
2011	12	21	1.250	4.130
2011	12	22	-1.771	3.980
2011	12	23	-4.529	3.930
2011	12	24	-2.004	3.900
2011	12	25	0.850	3.890
2011	12	26	2.758	3.890
2011	12	27	0.167	3.870
2011	12	28	-9.733	3.830
2011	12	29	-2.471	3.810
2011	12	30	-0.071	3.790
2011	12	31	1.008	3.770